STATIONS_ID;MESS_DATUM;QN_3;  FX;  FM;QN_4; RSK;RSKF; SDK;SHK_TAG;  NM; VPM;  PM; TMK; UPM; TXK; TNK; TGK;eor
        433;20181122;   10;   8.8;   4.3;    3;   0.0;   0;    0.000;-999;  -999;   5.3; 1018.83;    1.1;   80.79;    1.8;    0.6;    0.3;eor
        433;20181123;   10;   5.8;   2.7;    3;   0.0;   4;    0.000;-999;  -999;   6.4; 1016.12;    2.0;   90.29;    3.4;    0.5;    0.2;eor
        433;20181124;   10;   4.1;   2.1;    3;   0.1;   4;    0.000;-999;  -999;   6.6; 1008.86;    2.0;   93.79;    3.4;    0.1;    0.1;eor
        433;20181125;   10;   8.5;   2.6;    3;   0.0;   4;    0.000;-999;  -999;   7.7; 1006.93;    4.3;   91.88;    5.5;    2.6;    0.6;eor
        433;20181126;   10;   8.5;   4.2;    3;   0.0;   0;    0.000;-999;  -999;   6.0; 1008.51;    2.5;   82.21;    3.9;   -1.2;   -6.1;eor
        433;20181127;   10;   4.5;   1.8;    3;   0.0;   0;    0.000;-999;  -999;   4.9; 1016.66;   -0.2;   81.04;    1.6;   -2.9;   -6.9;eor
        433;20181128;   10;   9.3;   3.5;    3;   0.0;   0;    6.900;-999;  -999;   4.6; 1022.49;    0.8;   71.38;    3.6;   -1.9;   -6.7;eor
        433;20181129;   10;  10.9;   5.4;    3;   0.0;   0;    3.033;-999;  -999;   3.6; 1016.72;    0.5;   57.50;    3.3;   -1.5;   -3.1;eor
        433;20181130;   10;  10.4;   4.2;    3;   5.2;   4;    0.000;-999;  -999;   4.7; 1010.01;    0.8;   72.25;    1.6;    0.4;   -0.4;eor
        433;20181201;   10;   5.6;   2.3;    3;   0.0;   4;    0.600;-999;  -999;   7.4; 1008.31;    3.7;   92.00;    7.0;    0.7;    0.4;eor
        433;20181202;   10;   8.8;   3.4;    3;   1.8;   4;    0.000;-999;  -999;   8.5;  997.33;    6.4;   87.46;   10.4;    3.5;    1.6;eor
        433;20181203;   10;  11.4;   3.4;    3;   1.7;   4;    1.483;-999;  -999;  11.5;  993.95;   11.0;   87.29;   14.0;    8.5;    5.4;eor
        433;20181204;   10;  17.9;   5.8;    3;   0.1;   4;    3.117;-999;  -999;   7.6; 1007.39;    6.7;   76.21;   10.5;    2.8;    1.0;eor
        433;20181205;   10;   7.5;   2.8;    3;   0.0;   0;    6.567;-999;  -999;   6.0; 1020.45;    2.9;   80.38;    7.2;    0.8;   -4.0;eor
        433;20181206;   10;   8.1;   3.6;    3;   1.1;   4;    0.067;-999;  -999;   7.0; 1010.71;    5.2;   77.50;    9.5;    1.6;    0.7;eor
        433;20181207;   10;  12.1;   4.3;    3;   7.4;   4;    0.000;-999;  -999;  11.5;  999.20;   10.6;   89.42;   12.4;    9.5;    8.1;eor
        433;20181208;   10;  18.7;   6.1;    3;   3.2;   4;    0.067;-999;  -999;   7.7;  993.86;    7.3;   74.75;    9.8;    5.5;    3.5;eor
        433;20181209;   10;  16.6;   6.1;    3;   1.4;   4;    0.017;-999;  -999;   8.4;  987.00;    7.4;   80.92;    8.4;    6.1;    5.2;eor
        433;20181210;   10;  18.3;   7.6;    3;   0.5;   4;    0.933;-999;  -999;   6.6; 1002.40;    4.9;   75.71;    6.1;    3.8;    2.9;eor
        433;20181211;   10;  13.6;   6.0;    3;   3.1;   4;    0.000;-999;  -999;   7.0; 1007.95;    3.8;   86.92;    4.9;    2.5;    0.9;eor
        433;20181212;   10;   8.2;   3.4;    3;   0.0;   4;    0.283;-999;  -999;   6.3; 1017.76;    2.7;   85.13;    4.5;    0.9;   -3.5;eor
        433;20181213;   10;   6.1;   2.7;    3;   0.0;   4;    0.000;-999;  -999;   6.1; 1018.39;    2.0;   86.96;    2.4;    1.0;    0.3;eor
        433;20181214;   10;   6.3;   3.4;    3;   0.0;   4;    0.000;-999;  -999;   4.9; 1020.56;    0.4;   78.38;    1.1;   -0.4;   -1.2;eor
        433;20181215;   10;   6.6;   2.9;    3;   0.0;   4;    0.000;-999;  -999;   5.0; 1022.22;    0.0;   81.04;    0.8;   -0.5;   -1.2;eor
        433;20181216;   10;   9.1;   3.6;    3;   0.0;   4;    0.000;-999;  -999;   4.3; 1011.34;   -0.4;   73.13;    0.3;   -1.5;   -3.2;eor
        433;20181217;   10;   3.2;   1.6;    3;   0.0;   4;    0.000;-999;  -999;   5.7; 1014.54;    0.9;   86.58;    2.5;   -1.3;   -1.9;eor
        433;20181218;   10;   6.3;   2.4;    3;   0.0;   4;    0.717;-999;  -999;   7.1; 1018.94;    3.7;   88.58;    6.7;    0.7;   -1.1;eor
        433;20181219;   10;   9.3;   3.7;    3;   0.0;   4;    0.000;-999;  -999;   6.0; 1011.99;    1.9;   85.33;    2.9;    0.2;   -1.6;eor
        433;20181220;   10;   5.2;   2.4;    3;   0.7;   4;    0.000;-999;  -999;   7.0; 1008.78;    3.8;   87.83;    5.6;    2.6;    0.4;eor
        433;20181221;   10;  13.5;   3.8;    3;   6.9;   4;    0.000;-999;  -999;   8.8;  999.93;    6.8;   88.46;   11.1;    4.5;    1.8;eor
        433;20181222;   10;  16.1;   5.1;    3;   6.1;   4;    0.000;-999;  -999;   7.7; 1001.43;    6.7;   78.79;    9.9;    3.5;    0.3;eor
        433;20181223;   10;  11.7;   3.7;    3;   1.9;   4;    0.000;-999;  -999;   8.5; 1009.10;    6.2;   90.13;    7.8;    3.7;    2.1;eor
        433;20181224;   10;  11.3;   5.3;    3;   0.3;   4;    0.000;-999;  -999;   5.8; 1017.02;    2.0;   82.00;    5.5;    0.3;   -0.2;eor
        433;20181225;   10;  14.7;   6.1;    3;   0.2;   4;    0.000;-999;  -999;   7.0; 1021.74;    4.9;   81.13;    6.0;    3.4;    2.6;eor
        433;20181226;   10;  11.9;   5.1;    3;   1.4;   4;    0.000;-999;  -999;   8.3; 1020.26;    5.8;   89.04;    6.7;    4.9;    4.2;eor
        433;20181227;   10;   9.5;   4.5;    3;   0.3;   4;    0.000;-999;  -999;   8.3; 1018.12;    5.5;   91.38;    6.3;    4.3;    2.8;eor
        433;20181228;   10;  11.4;   4.3;    3;   0.8;   4;    0.000;-999;  -999;   8.4; 1018.41;    6.2;   88.54;    7.2;    5.4;    5.0;eor
        433;20181229;   10;   9.7;   4.3;    3;   5.0;   4;    0.000;-999;  -999;   8.5; 1018.42;    6.0;   91.04;    7.0;    4.6;    4.1;eor
        433;20181230;   10;  15.6;   6.6;    3;   0.1;   4;    0.017;-999;  -999;   7.8; 1016.47;    6.3;   81.33;    7.8;    3.5;    0.3;eor
        433;20181231;   10;   8.6;   3.1;    3;   0.1;   4;    0.217;-999;  -999;   8.3; 1023.38;    5.8;   89.54;    8.5;    3.6;    1.4;eor
        433;20190101;   10;  18.8;   8.0;    3;   1.2;   4;    0.733;-999;  -999;   7.8; 1010.92;    6.6;   78.79;    8.7;    3.2;    1.9;eor
        433;20190102;   10;  17.7;   7.5;    3;   0.2;   4;    1.833;-999;  -999;   4.3; 1017.55;    1.8;   61.46;    3.7;   -1.8;   -5.0;eor
        433;20190103;   10;  10.3;   4.7;    3;   0.1;   4;    0.000;-999;  -999;   4.6; 1026.47;   -0.3;   77.42;    2.0;   -2.9;   -7.4;eor
        433;20190104;   10;  10.2;   4.6;    3;   1.9;   4;    0.000;-999;  -999;   6.5; 1021.23;    2.1;   90.04;    5.1;   -0.5;   -1.9;eor
        433;20190105;   10;  10.8;   5.4;    3;   0.0;   4;    0.367;-999;  -999;   8.3; 1013.83;    6.1;   87.54;    8.1;    2.1;   -1.3;eor
        433;20190106;   10;   8.8;   3.0;    3;   0.3;   4;    0.167;-999;  -999;   5.9; 1021.63;    2.3;   82.17;    3.6;    1.1;   -2.1;eor
        433;20190107;   10;   9.9;   2.7;    3;   5.9;   4;    0.000;-999;  -999;   7.3; 1018.96;    3.3;   92.71;    5.8;    0.4;   -2.4;eor
        433;20190108;   10;  16.4;   6.7;    3;   8.6;   4;    0.000;-999;  -999;   7.8;  995.45;    4.8;   89.63;    6.1;    2.3;    1.7;eor
        433;20190109;   10;  13.4;   7.6;    3;   3.0;   4;    0.000;-999;  -999;   6.4; 1000.69;    2.2;   89.58;    3.2;    1.0;    0.0;eor
        433;20190110;   10;  10.8;   5.0;    3;   0.0;   4;    0.550;-999;  -999;   5.3; 1016.03;    1.2;   79.50;    2.2;    0.3;   -0.9;eor
        433;20190111;   10;  12.3;   4.2;    3;   1.0;   4;    0.000;-999;  -999;   6.7; 1010.54;    2.5;   89.88;    5.8;    0.1;   -0.4;eor
        433;20190112;   10;  11.8;   5.4;    3;   3.7;   4;    0.000;-999;  -999;   7.6; 1003.92;    5.2;   85.58;    6.1;    4.2;    3.4;eor
        433;20190113;   10;  17.6;   6.3;    3;   4.4;   4;    0.000;-999;  -999;   8.6;  989.34;    6.4;   88.46;    8.1;    5.3;    4.0;eor
        433;20190114;   10;  20.6;   9.3;    3;   0.0;   4;    2.933;-999;  -999;   4.7;  994.75;    2.5;   63.96;    6.0;    0.4;   -1.3;eor
        433;20190115;   10;  14.7;   7.3;    3;   1.9;   4;    0.000;-999;  -999;   6.8; 1002.83;    4.1;   81.71;    6.8;    1.4;    0.0;eor
        433;20190116;   10;  13.6;   5.4;    3;   0.0;   4;    0.000;-999;  -999;   7.7; 1000.45;    6.3;   79.88;    7.3;    3.2;    1.4;eor
        433;20190117;   10;  12.7;   4.7;    3;   4.0;   4;    1.217;-999;  -999;   6.5;  993.73;    4.7;   76.04;    7.7;    1.8;    0.9;eor
        433;20190118;   10;  13.3;   5.1;    3;   0.0;   4;    7.100;-999;  -999;   4.9; 1009.12;    0.7;   75.83;    2.6;   -1.4;   -3.4;eor
        433;20190119;   10;   6.9;   2.1;    3;   0.0;   0;    5.033;-999;  -999;   5.0; 1014.13;    0.6;   78.04;    3.8;   -3.8;   -9.1;eor
        433;20190120;   10;   5.0;   1.6;    3;   0.0;   0;    7.017;-999;  -999;   4.3; 1014.16;   -2.8;   86.63;    1.2;   -6.3;  -11.8;eor
        433;20190121;   10;   6.1;   2.3;    3;   0.0;   4;    1.867;-999;  -999;   4.1; 1015.78;   -3.3;   86.21;   -1.8;   -4.7;   -7.7;eor
        433;20190122;   10;   6.8;   2.6;    3;   0.0;   0;    5.433;-999;  -999;   3.8; 1006.38;   -3.3;   79.33;    0.1;   -6.1;   -8.1;eor
        433;20190123;   10;   9.9;   4.6;    3;   0.0;   0;    0.200;-999;  -999;   3.3; 1000.30;   -5.5;   81.38;   -3.3;   -6.9;   -7.4;eor
        433;20190124;   10;   7.9;   3.6;    3;   0.0;   4;    0.000;-999;  -999;   3.3; 1006.64;   -3.9;   72.63;   -3.2;   -4.7;   -4.7;eor
        433;20190125;   10;   7.9;   2.4;    3;   1.2;   4;    0.567;-999;  -999;   3.5; 1008.30;   -3.5;   74.25;   -2.4;   -4.4;   -4.7;eor
        433;20190126;   10;   5.9;   2.3;    3;   5.7;   4;    0.000;-999;  -999;   6.1;  996.55;    0.8;   93.38;    4.0;   -3.2;   -3.6;eor
        433;20190127;   10;   7.5;   3.1;    3;   2.6;   4;    0.017;-999;  -999;   7.2;  984.38;    4.3;   87.25;    6.1;    2.5;    1.4;eor
        433;20190128;   10;   8.8;   3.0;    3;   1.8;   4;    4.100;-999;  -999;   6.6;  985.63;    3.4;   84.92;    5.8;    1.7;   -0.2;eor
        433;20190129;   10;  11.6;   3.8;    3;   0.0;   4;    0.250;-999;  -999;   5.8;  996.68;    1.2;   86.71;    2.8;   -1.2;   -5.3;eor
        433;20190130;   10;  11.1;   4.2;    3;   0.0;   0;    5.300;-999;  -999;   4.7;  994.87;    0.0;   78.21;    2.8;   -2.2;   -6.1;eor
        433;20190131;   10;   5.9;   2.8;    3;   0.0;   0;    2.033;-999;  -999;   4.9;  994.52;    0.7;   76.54;    4.2;   -1.6;   -3.7;eor
        433;20190201;   10;   8.2;   3.5;    3;   1.4;   4;    0.000;-999;  -999;   4.8;  990.95;   -0.5;   81.04;    2.0;   -3.6;   -6.5;eor
        433;20190202;   10;   9.2;   2.8;    3;   1.6;   4;    0.000;-999;  -999;   6.0;  991.56;    0.9;   91.75;    1.8;    0.5;   -0.1;eor
        433;20190203;   10;   9.7;   4.8;    3;   0.0;   4;    0.000;-999;  -999;   6.1; 1007.61;    1.3;   90.17;    2.2;   -0.3;   -2.5;eor
        433;20190204;   10;   7.4;   2.9;    3;   0.1;   4;    7.233;-999;  -999;   5.3; 1020.71;    1.3;   80.13;    5.7;   -1.4;   -5.4;eor
        433;20190205;   10;   8.0;   3.4;    3;   0.0;   4;    0.000;-999;  -999;   5.5; 1020.06;    2.4;   74.88;    4.1;    0.0;   -2.1;eor
        433;20190206;   10;   8.7;   2.8;    3;   0.0;   0;    4.900;-999;  -999;   5.6; 1018.67;    3.4;   72.25;    6.9;    0.7;   -2.9;eor
        433;20190207;   10;   9.3;   3.3;    3;   0.0;   4;    0.400;-999;  -999;   5.0; 1007.10;    2.4;   69.42;    5.3;   -0.7;   -3.0;eor
        433;20190208;   10;  11.4;   4.5;    3;   0.0;   4;    3.283;-999;  -999;   6.6; 1007.28;    5.5;   73.00;    8.5;    2.6;    0.6;eor
        433;20190209;   10;  18.4;   5.6;    3;   1.4;   4;    3.050;-999;  -999;   6.6;  999.00;    7.8;   62.83;   11.2;    5.3;    3.3;eor
        433;20190210;   10;  12.1;   4.3;    3;  11.3;   4;    0.000;-999;  -999;   8.0;  992.12;    6.6;   81.71;    9.1;    4.3;    2.0;eor
        433;20190211;   10;  17.0;   7.8;    3;   0.1;   4;    0.967;-999;  -999;   6.1; 1000.23;    4.5;   72.92;    7.3;    1.3;    0.2;eor
        433;20190212;   10;  14.3;   5.8;    3;   0.2;   4;    4.050;-999;  -999;   5.3; 1020.83;    3.3;   68.17;    6.1;    2.0;   -0.5;eor
        433;20190213;   10;  11.3;   4.9;    3;   0.3;   4;    0.000;-999;  -999;   8.3; 1025.55;    6.4;   85.67;    8.3;    4.0;    3.0;eor
        433;20190214;   10;   7.5;   3.1;    3;   0.0;   0;    4.500;-999;  -999;   7.8; 1028.82;    7.5;   75.17;   11.2;    3.1;   -5.0;eor
        433;20190215;   10;   4.8;   1.5;    3;   0.0;   0;    8.767;-999;  -999;   5.7; 1027.23;    6.9;   61.13;   15.3;    0.3;   -6.4;eor
        433;20190216;   10;   7.7;   2.1;    3;   0.0;   0;    8.850;-999;  -999;   5.7; 1020.28;    7.8;   57.04;   16.7;   -0.6;   -6.2;eor
        433;20190217;   10;   3.6;   1.4;    3;   0.0;   0;    8.500;-999;  -999;   6.4; 1018.21;    6.8;   65.71;   14.3;    0.7;   -5.5;eor
        433;20190218;   10;   4.4;   1.4;    3;   0.0;   0;    8.850;-999;  -999;   6.3; 1013.09;    7.5;   63.75;   15.3;   -0.1;   -6.2;eor
        433;20190219;   10;  13.6;   4.3;    3;   0.4;   4;    0.350;-999;  -999;   6.9; 1009.20;    7.2;   67.71;   10.2;    4.4;   -1.9;eor
        433;20190220;   10;   9.6;   4.0;    3;   0.3;   4;    0.567;-999;  -999;   7.4; 1014.83;    7.9;   69.25;   10.5;    5.9;    3.8;eor
        433;20190221;   10;  10.3;   3.9;    3;   2.6;   4;    0.733;-999;  -999;   8.5; 1017.21;    8.3;   77.42;   10.9;    6.2;    3.1;eor
        433;20190222;   10;  11.5;   5.3;    3;   0.0;   0;    6.567;-999;  -999;   5.5; 1030.79;    3.3;   66.63;    8.7;   -2.0;   -5.2;eor
        433;20190223;   10;   6.3;   2.5;    3;   0.0;   0;    8.017;-999;  -999;   3.1; 1037.66;    0.3;   50.63;    5.1;   -3.8;   -7.1;eor
        433;20190224;   10;   4.3;   1.5;    3;   0.0;   0;    7.067;-999;  -999;   3.4; 1032.98;    4.4;   44.83;   13.2;   -2.6;   -6.4;eor
        433;20190225;   10;   8.2;   2.8;    3;   0.0;   0;    9.050;-999;  -999;   5.8; 1030.34;    7.5;   54.83;   13.9;    1.0;   -5.7;eor
        433;20190226;   10;   6.2;   2.7;    3;   0.0;   0;    0.683;-999;  -999;   7.2; 1026.61;    7.2;   70.42;   11.8;    3.6;   -3.4;eor
        433;20190227;   10;   7.6;   2.2;    3;   0.0;   0;    9.200;-999;  -999;   5.5; 1019.10;    8.8;   55.71;   16.7;    0.7;   -5.2;eor
        433;20190228;   10;  11.1;   5.2;    3;   0.0;   4;    6.967;-999;  -999;   7.0; 1005.45;    8.5;   63.75;   12.9;    3.3;   -1.4;eor
        433;20190301;   10;   8.1;   2.8;    3;   0.0;   4;    0.000;-999;  -999;   6.6; 1006.10;    4.6;   77.25;    5.8;    3.3;   -1.6;eor
        433;20190302;   10;   7.6;   2.7;    3;   0.3;   4;    0.000;-999;  -999;   5.8; 1008.83;    4.3;   70.46;    5.8;    2.8;    1.2;eor
        433;20190303;   10;  13.0;   5.1;    3;   1.1;   4;    0.000;-999;  -999;   9.2;  999.88;    9.0;   80.25;   11.7;    4.4;    3.7;eor
        433;20190304;   10;  21.0;   6.0;    3;   3.8;   4;    1.350;-999;  -999;   8.2;  987.56;    9.8;   68.08;   15.1;    6.5;    4.2;eor
        433;20190305;   10;  17.3;   6.0;    3;   0.2;   4;    2.800;-999;  -999;   6.6;  996.27;    6.5;   68.88;    9.6;    3.0;    0.1;eor
        433;20190306;   10;  11.0;   4.0;    3;   1.0;   4;    6.933;-999;  -999;   6.6; 1001.97;    7.2;   66.71;   12.7;    1.2;   -1.7;eor
        433;20190307;   10;  17.4;   4.4;    3;   0.2;   4;    1.083;-999;  -999;   8.0;  991.51;   10.6;   63.42;   16.9;    7.9;    5.4;eor
        433;20190308;   10;  17.6;   6.8;    3;   2.9;   4;    3.183;-999;  -999;   6.7;  999.86;    7.9;   63.08;    9.9;    4.7;    2.4;eor
        433;20190309;   10;  21.2;   6.4;    3;   8.6;   4;    1.717;-999;  -999;   7.4;  999.45;    7.4;   72.63;   12.0;    4.7;    3.2;eor
        433;20190310;   10;  14.0;   4.4;    3;  13.5;   4;    0.283;-999;  -999;   6.7;  997.15;    4.7;   78.63;    7.9;    0.6;   -0.1;eor
        433;20190311;   10;  15.2;   5.5;    3;   2.6;   4;    1.283;-999;  -999;   6.5; 1004.51;    3.4;   83.29;    6.2;    1.7;   -0.2;eor
        433;20190312;   10;  11.5;   4.6;    3;   0.8;   4;    2.500;-999;  -999;   6.1; 1009.20;    5.7;   68.33;    9.0;    1.7;    0.3;eor
        433;20190313;   10;  15.5;   6.7;    3;   1.6;   4;    2.933;-999;  -999;   6.1;  995.74;    7.6;   59.29;   10.2;    5.1;    3.1;eor
        433;20190314;   10;  15.2;   5.6;    3;   9.8;   4;    0.017;-999;  -999;   7.7;  991.83;    5.9;   82.54;    8.6;    4.0;    3.6;eor
        433;20190315;   10;  20.4;   7.5;    3;   1.3;   4;    0.500;-999;  -999;   7.7;  992.02;    7.6;   73.83;    9.9;    5.8;    4.3;eor
        433;20190316;   10;  16.5;   5.7;    3;   5.2;   4;    0.167;-999;  -999;   7.6;  998.43;    6.8;   76.92;    9.2;    4.8;    4.0;eor
        433;20190317;   10;  17.4;   5.2;    3;   1.1;   4;    2.017;-999;  -999;   7.9;  995.26;    8.7;   70.38;   13.1;    4.3;    1.7;eor
        433;20190318;   10;  20.2;   5.8;    3;   2.0;   4;    2.533;-999;  -999;   6.3; 1005.55;    5.2;   71.50;    9.6;    3.3;    1.1;eor
        433;20190319;   10;  11.0;   4.3;    3;   0.0;   4;    3.500;-999;  -999;   5.9; 1018.99;    5.2;   68.13;    9.1;    2.4;   -4.7;eor
        433;20190320;   10;  10.4;   3.2;    3;   0.0;   0;    8.183;-999;  -999;   6.6; 1026.40;    7.7;   63.88;   13.2;   -0.6;   -6.4;eor
        433;20190321;   10;   7.8;   2.9;    3;   0.0;   0;    0.233;-999;  -999;   9.7; 1027.50;   10.2;   78.04;   12.2;    6.8;    0.5;eor
        433;20190322;   10;   5.1;   1.9;    3;   0.0;   0;    0.467;-999;  -999;   9.8; 1026.21;    8.7;   87.13;   10.7;    6.1;    2.7;eor
        433;20190323;   10;  10.5;   3.7;    3;   0.0;   0;    9.067;-999;  -999;   9.6; 1021.03;    9.9;   79.58;   17.1;    4.4;    1.2;eor
        433;20190324;   10;   7.1;   2.6;    3;   0.0;   4;    5.483;-999;  -999;   6.3; 1018.86;    7.1;   64.13;   12.0;    3.1;   -3.4;eor
        433;20190325;   10;  14.0;   4.8;    3;   3.2;   4;    3.467;-999;  -999;   6.5; 1009.91;    4.9;   74.63;    8.6;    1.5;   -0.3;eor
        433;20190326;   10;  14.4;   5.4;    3;   1.5;   4;    2.150;-999;  -999;   6.9; 1017.88;    5.2;   77.71;    8.0;    2.0;   -0.2;eor
        433;20190327;   10;  10.1;   4.2;    3;   1.6;   4;    0.567;-999;  -999;   8.6; 1023.12;    7.6;   81.96;   10.6;    4.1;    0.9;eor
        433;20190328;   10;   8.2;   3.9;    3;   0.2;   4;    0.000;-999;  -999;  10.5; 1026.35;    9.0;   91.25;   10.2;    8.2;    7.6;eor
        433;20190329;   10;   8.2;   2.2;    3;   0.0;   0;    0.000;-999;  -999;  10.0; 1025.75;   10.1;   81.17;   12.3;    6.6;   -0.6;eor
        433;20190330;   10;  10.2;   2.5;    3;   0.0;   0;   10.900;-999;  -999;   8.5; 1016.51;   11.7;   64.92;   18.8;    3.8;   -1.6;eor
        433;20190331;   10;   9.7;   4.3;    3;   0.0;   0;    6.250;-999;  -999;   6.7; 1016.92;    8.3;   60.92;   12.7;    1.5;   -6.0;eor
        433;20190401;   10;   9.9;   3.7;    3;   0.0;   0;   11.933;-999;  -999;   4.5; 1020.48;    5.9;   50.33;   11.4;   -1.8;   -8.9;eor
        433;20190402;   10;  10.2;   4.3;    3;   0.0;   0;   10.683;-999;  -999;   5.4; 1007.71;    8.9;   47.96;   15.3;    1.7;   -0.8;eor
        433;20190403;   10;   8.5;   3.2;    3;   0.0;   0;    7.633;-999;  -999;   8.2;  997.97;   13.4;   54.29;   19.1;    6.8;    2.5;eor
        433;20190404;   10;  10.2;   3.7;    3;   0.0;   0;   11.217;-999;  -999;   8.3;  993.42;   14.9;   50.08;   20.6;    8.0;    2.7;eor
        433;20190405;   10;   6.9;   2.6;    3;   0.0;   0;    4.600;-999;  -999;   9.4;  999.40;   10.6;   73.58;   15.0;    6.1;    1.8;eor
        433;20190406;   10;  11.1;   3.8;    3;   0.0;   0;   11.283;-999;  -999;   8.8; 1001.68;   14.4;   55.71;   20.9;    7.5;    0.4;eor
        433;20190407;   10;  10.7;   3.5;    3;   0.0;   0;   12.000;-999;  -999;   7.4; 1002.40;   13.5;   49.46;   19.2;    7.2;   -1.0;eor
        433;20190408;   10;  10.9;   3.4;    3;   0.0;   4;   11.033;-999;  -999;   7.5; 1004.53;   11.8;   55.79;   19.3;    4.5;   -2.7;eor
        433;20190409;   10;  10.3;   5.1;    3;   0.0;   0;   10.317;-999;  -999;   6.1; 1009.03;    6.7;   63.67;   11.2;    2.7;   -2.1;eor
        433;20190410;   10;   9.5;   3.7;    3;   0.0;   0;    5.633;-999;  -999;   5.0; 1012.39;    5.2;   57.79;    9.8;    0.3;   -5.8;eor
        433;20190411;   10;  11.6;   4.8;    3;   0.0;   4;    4.583;-999;  -999;   4.9; 1018.78;    3.6;   62.92;    6.4;    0.2;   -2.8;eor
        433;20190412;   10;   8.8;   4.5;    3;   0.0;   4;    0.000;-999;  -999;   5.2; 1020.17;    3.2;   67.46;    4.6;    2.0;    1.4;eor
        433;20190413;   10;   9.3;   4.3;    3;   0.2;   4;    0.000;-999;  -999;   5.1; 1018.53;    4.6;   60.38;    7.2;    2.1;    0.9;eor
        433;20190414;   10;  10.8;   4.9;    3;   1.4;   4;    0.167;-999;  -999;   6.9; 1019.47;    5.8;   74.83;   10.5;    2.5;    0.4;eor
        433;20190415;   10;  11.7;   4.2;    3;   0.0;   0;   12.783;-999;  -999;   5.3; 1021.60;    7.5;   52.92;   12.9;    1.2;   -3.5;eor
        433;20190416;   10;  14.8;   4.0;    3;   0.0;   0;   12.667;-999;  -999;   5.0; 1018.11;    9.0;   47.04;   15.6;    1.5;   -3.9;eor
        433;20190417;   10;   9.6;   3.9;    3;   0.0;   0;   12.450;-999;  -999;   6.6; 1021.68;   10.9;   50.50;   17.6;    2.4;   -2.6;eor
        433;20190418;   10;  11.8;   3.6;    3;   0.0;   0;   12.683;-999;  -999;   6.7; 1024.48;   14.0;   44.29;   20.3;    5.9;   -3.0;eor
        433;20190419;   10;   9.0;   3.8;    3;   0.0;   0;   12.733;-999;  -999;   6.4; 1026.78;   14.8;   39.71;   21.4;    8.2;   -1.2;eor
        433;20190420;   10;   8.3;   2.8;    3;   0.0;   0;   12.783;-999;  -999;   6.9; 1024.33;   13.4;   46.79;   21.4;    5.0;   -3.9;eor
        433;20190421;   10;   7.2;   2.9;    3;   0.0;   0;   13.017;-999;  -999;   6.7; 1017.56;   14.2;   42.50;   21.1;    6.0;   -3.5;eor
        433;20190422;   10;  14.7;   5.7;    3;   0.0;   0;   13.067;-999;  -999;   7.0; 1011.72;   13.2;   46.54;   18.6;    7.2;    1.7;eor
        433;20190423;   10;  16.1;   7.2;    3;   0.0;   4;    8.483;-999;  -999;   8.4; 1004.33;   14.5;   50.75;   18.8;    9.7;    8.0;eor
        433;20190424;   10;  12.1;   5.2;    3;   0.0;   4;    9.733;-999;  -999;  10.8; 1001.14;   17.3;   55.96;   23.1;   12.3;   11.0;eor
        433;20190425;   10;   7.2;   3.0;    3;   0.0;   4;   12.417;-999;  -999;   9.8; 1004.90;   19.0;   47.42;   25.8;   13.6;   10.0;eor
        433;20190426;   10;  14.1;   4.7;    3;   3.9;   4;    8.683;-999;  -999;  11.6; 1002.58;   18.7;   54.67;   25.4;   10.7;    9.0;eor
        433;20190427;   10;  12.9;   3.9;    3;   0.4;   4;    2.083;-999;  -999;  10.3; 1006.29;   13.4;   68.63;   18.7;    9.8;    7.4;eor
        433;20190428;   10;   9.6;   4.4;    3;   0.9;   4;    2.100;-999;  -999;   9.6; 1011.33;   10.5;   76.33;   13.3;    8.4;    8.0;eor
        433;20190429;   10;  12.8;   5.8;    3;   1.2;   4;    3.583;-999;  -999;   9.4; 1011.91;   10.5;   74.50;   17.1;    5.6;    2.8;eor
        433;20190430;   10;   9.8;   4.1;    3;   0.4;   4;   13.067;-999;  -999;   5.8; 1011.63;   11.4;   46.54;   18.3;    3.5;    0.6;eor
        433;20190501;   10;  12.0;   5.2;    3;   0.1;   4;    9.150;-999;  -999;  10.0; 1006.22;   13.1;   67.58;   17.6;    8.1;    6.2;eor
        433;20190502;   10;  15.0;   5.8;    3;   0.6;   4;    0.067;-999;  -999;   9.1; 1000.25;   10.2;   72.42;   13.7;    7.3;    5.3;eor
        433;20190503;   10;  12.8;   5.9;    3;   0.0;   4;    5.333;-999;  -999;   6.1; 1001.75;    8.7;   54.50;   12.3;    5.5;    3.8;eor
        433;20190504;   10;  11.1;   3.9;    3;   0.0;   4;    2.567;-999;  -999;   6.1; 1001.17;    7.0;   61.29;   11.5;    2.5;   -4.9;eor
        433;20190505;   10;   8.2;   3.1;    3;   0.0;   0;    7.250;-999;  -999;   5.4; 1009.89;    7.5;   54.96;   12.8;    1.1;   -7.4;eor
        433;20190506;   10;  11.6;   4.5;    3;   0.6;   4;    5.967;-999;  -999;   6.4; 1011.40;    8.5;   58.42;   13.4;    3.5;   -0.2;eor
        433;20190507;   10;   9.1;   3.2;    3;   0.0;   0;    6.467;-999;  -999;   6.1; 1011.44;    8.8;   56.42;   13.5;    4.3;   -5.4;eor
        433;20190508;   10;  11.4;   3.8;    3;   0.1;   4;    9.100;-999;  -999;   7.0; 1001.90;   12.2;   51.83;   18.3;    2.8;   -6.5;eor
        433;20190509;   10;   8.8;   2.8;    3;   0.2;   4;    2.783;-999;  -999;  10.7;  994.28;   13.9;   68.33;   18.4;   10.4;    2.5;eor
        433;20190510;   10;  12.7;   4.1;    3;   0.0;   4;    2.533;-999;  -999;  10.3; 1001.44;   13.2;   67.88;   16.8;    8.5;    0.2;eor
        433;20190511;   10;   9.2;   3.2;    3;   0.8;   4;    2.683;-999;  -999;   8.9; 1008.19;   11.2;   67.79;   15.1;    6.8;   -1.2;eor
        433;20190512;   10;  12.5;   5.4;    3;   0.0;   0;   10.433;-999;  -999;   6.5; 1021.47;   11.9;   48.54;   17.2;    5.9;   -3.0;eor
        433;20190513;   10;  11.7;   4.1;    3;   0.0;   4;    9.100;-999;  -999;   6.0; 1028.65;   10.3;   49.63;   15.9;    4.9;   -3.4;eor
        433;20190514;   10;  12.1;   5.5;    3;   0.0;   0;    7.583;-999;  -999;   6.0; 1026.02;    9.0;   53.67;   13.5;    4.1;    0.7;eor
        433;20190515;   10;  11.5;   5.0;    3;   3.7;   4;    1.600;-999;  -999;   6.2; 1019.60;    8.6;   56.25;   13.3;    1.2;   -6.6;eor
        433;20190516;   10;   9.1;   3.3;    3;   7.0;   4;    0.000;-999;  -999;  10.9; 1010.09;    9.4;   91.50;   11.6;    6.4;    0.3;eor
        433;20190517;   10;   7.8;   2.2;    3;   0.0;   0;    6.133;-999;  -999;  11.5; 1005.67;   13.5;   75.79;   20.0;    6.0;    0.2;eor
        433;20190518;   10;  10.5;   3.2;    3;   0.0;   0;   13.350;-999;  -999;  11.4; 1002.08;   17.6;   60.83;   24.6;   10.2;    4.9;eor
        433;20190519;   10;  10.5;   3.3;    3;   0.5;   4;   10.150;-999;  -999;  13.7;  999.79;   19.0;   64.04;   26.1;   11.2;    4.1;eor
        433;20190520;   10;  12.4;   3.5;    3;  -999;-999;    6.550;-999;  -999;  -999;  996.67;   18.3;-999;   25.3;   13.2;    8.3;eor
        433;20190521;   10;   9.7;   2.6;    3;   0.7;   4;   11.383;-999;  -999;  -999;  999.42;   18.1;-999;   24.4;   11.4;    6.0;eor
        433;20190522;   10;  13.6;   6.7;    3;   1.1;   4;    0.000;-999;  -999;  -999; 1007.07;   12.8;-999;   15.8;   11.6;   10.9;eor
        433;20190523;   10;   9.4;   3.7;    3;   0.0;   0;   11.850;-999;  -999;  -999; 1012.05;   14.2;-999;   19.3;    8.4;    4.2;eor
        433;20190524;   10;  11.3;   2.8;    3;   0.0;   0;   12.600;-999;  -999;  -999; 1007.86;   18.0;-999;   23.8;   10.6;    5.1;eor
        433;20190525;   10;  10.9;   4.4;    3;   0.0;   0;    3.583;-999;  -999;  -999; 1008.98;   13.8;-999;   16.3;   10.9;    6.4;eor
        433;20190526;   10;  12.4;   3.9;    3;   0.0;   0;    5.567;-999;  -999;  -999; 1006.23;   16.6;-999;   21.7;    8.6;    1.1;eor
        433;20190527;   10;   9.3;   3.4;    3;   0.4;   4;    1.167;-999;  -999;  -999; 1001.34;   18.3;-999;   22.2;   15.6;   14.2;eor
        433;20190528;   10;   9.4;   4.0;    3;   0.0;   4;    3.217;-999;  -999;  -999; 1001.19;   15.5;-999;   19.8;    9.0;    2.8;eor
        433;20190529;   10;   9.8;   3.9;    3;   0.0;   0;   10.367;-999;  -999;   7.2; 1014.46;   12.8;   50.71;   18.1;    8.2;   -1.1;eor
        433;20190530;   10;   9.8;   3.4;    3;   0.0;   4;   11.417;-999;  -999;   9.0; 1017.81;   16.4;   50.42;   23.6;    6.9;   -2.1;eor
        433;20190531;   10;  10.1;   3.2;    3;   3.8;   4;    5.283;-999;  -999;  15.4; 1016.79;   19.4;   69.25;   25.0;   14.0;    8.4;eor
        433;20190601;   10;   9.7;   2.7;    3;   0.0;   0;   11.817;-999;  -999;  15.4; 1014.92;   21.6;   62.92;   28.3;   15.4;    9.9;eor
        433;20190602;   10;   8.4;   2.4;    3;   0.0;   0;   12.167;-999;  -999;  14.3; 1011.45;   23.8;   52.46;   31.5;   14.9;    8.8;eor
        433;20190603;   10;  16.6;   3.5;    3;   0.3;   4;   12.700;-999;  -999;  13.6; 1007.55;   26.0;   44.21;   33.9;   18.7;   11.6;eor
        433;20190604;   10;   7.0;   2.3;    3;   0.0;   0;   11.117;-999;  -999;  15.1; 1006.18;   24.7;   51.00;   31.2;   18.4;   11.4;eor
        433;20190605;   10;  10.0;   3.6;    3;   0.0;   0;   14.533;-999;  -999;  14.8; 1002.91;   27.0;   45.50;   33.9;   17.3;   10.1;eor
        433;20190606;   10;  14.7;   4.4;    3;  21.8;   4;    7.867;-999;  -999;  17.4; 1003.03;   21.7;   69.00;   32.0;   15.1;   14.1;eor
        433;20190607;   10;   8.1;   3.0;    3;   0.7;   4;   13.267;-999;  -999;  14.2; 1008.37;   19.9;   62.67;   25.2;   13.7;   11.5;eor
        433;20190608;   10;  14.4;   4.9;    3;   0.0;   4;    7.650;-999;  -999;  10.8; 1013.44;   18.6;   51.46;   22.7;   14.4;    5.9;eor
        433;20190609;   10;   8.8;   2.7;    3;   3.0;   4;   12.617;-999;  -999;  10.0; 1017.53;   19.7;   44.67;   25.9;   12.4;    5.6;eor
        433;20190610;   10;   8.1;   2.2;    3;   2.1;   4;    4.717;-999;  -999;  17.3; 1007.69;   21.5;   67.33;   27.2;   15.2;   14.2;eor
        433;20190611;   10;  17.5;   3.1;    3;  33.7;   4;   11.250;-999;  -999;  20.6; 1003.87;   23.5;   72.50;   29.4;   17.5;   14.8;eor
        433;20190612;   10;  24.8;-999;    3;  -999;-999;    8.950;-999;  -999;  -999; 1002.40;   22.4;-999;   33.2;   17.1;   16.0;eor
        433;20190613;   10;-999;-999;    3;   0.0;   0;    7.867;-999;  -999;  -999; 1009.07;   19.8;-999;   24.7;   15.5;   11.3;eor
        433;20190614;   10;   8.3;   2.8;    3;   0.0;   4;   11.933;-999;  -999;  14.1; 1011.68;   23.4;   51.83;   29.6;   14.3;    8.7;eor
        433;20190615;   10;  14.6;   5.9;    3;   0.0;   4;   10.317;-999;  -999;  18.7; 1005.38;   25.4;   58.33;   31.9;   17.9;   16.0;eor
        433;20190616;   10;   9.4;   3.7;    3;   0.0;   4;    5.400;-999;  -999;  13.9; 1013.71;   18.9;   64.29;   22.5;   15.0;    9.9;eor
        433;20190617;   10;   6.9;   1.9;    3;   0.0;   0;    8.167;-999;  -999;  13.7; 1015.57;   21.3;   55.58;   26.5;   16.0;   11.2;eor
        433;20190618;   10;  10.2;   3.2;    3;   0.0;   0;   14.967;-999;  -999;  13.3; 1011.11;   23.7;   48.38;   29.3;   15.7;    9.7;eor
        433;20190619;   10;  12.9;   2.8;    3;   0.5;   4;   12.017;-999;  -999;  15.4; 1004.03;   25.3;   50.08;   32.2;   16.7;   10.6;eor
        433;20190620;   10;  12.9;   2.6;    3;   4.3;   4;    6.667;-999;  -999;  17.3; 1004.68;   22.2;   65.21;   26.2;   18.3;   14.6;eor
        433;20190621;   10;   8.3;   3.3;    3;   0.0;   0;    9.483;-999;  -999;  15.1; 1011.15;   20.6;   63.83;   25.3;   16.2;    9.4;eor
        433;20190622;   10;  11.0;   4.1;    3;   0.0;   0;   11.883;-999;  -999;  13.9; 1016.05;   20.3;   60.08;   25.8;   14.4;    8.6;eor
        433;20190623;   10;   8.8;   3.8;    3;   0.0;   0;   14.517;-999;  -999;  12.2; 1016.67;   21.5;   49.50;   28.0;   13.7;    8.8;eor
        433;20190624;   10;   9.1;   3.4;    3;   0.0;   0;   15.567;-999;  -999;  11.4; 1018.12;   23.3;   43.29;   29.8;   14.9;    8.3;eor
        433;20190625;   10;  10.0;   2.9;    3;   0.0;   0;   14.767;-999;  -999;  13.7; 1015.95;   27.2;   39.75;   33.7;   19.3;   12.1;eor
        433;20190626;   10;  13.9;   4.4;    3;   0.0;   0;   14.650;-999;  -999;  18.6; 1013.60;   29.2;   48.25;   37.5;   20.0;   14.7;eor
        433;20190627;   10;  13.4;   6.1;    3;   0.0;   0;   13.767;-999;  -999;  12.3; 1017.31;   20.1;   54.25;   26.0;   15.0;   13.0;eor
        433;20190628;   10;   8.8;   3.3;    3;   0.0;   0;    8.917;-999;  -999;  12.4; 1018.15;   19.0;   58.71;   24.8;   13.2;    8.0;eor
        433;20190629;   10;   6.7;   1.7;    3;   0.0;   0;   15.267;-999;  -999;  12.1; 1014.74;   23.5;   46.13;   31.7;   13.9;    6.1;eor
        433;20190630;   10;  12.8;   3.8;    3;   0.0;   0;   14.833;-999;  -999;  12.2; 1006.95;   28.8;   35.42;   38.5;   16.4;    8.1;eor
        433;20190701;   10;  13.8;   5.1;    3;   0.0;   4;    8.150;-999;  -999;  12.1; 1008.28;   23.1;   43.63;   29.2;   16.9;   14.7;eor
        433;20190702;   10;  14.5;   6.2;    3;   0.0;   0;    9.650;-999;  -999;  10.0; 1012.99;   18.2;   48.79;   22.4;   13.8;   11.3;eor
        433;20190703;   10;  11.5;   4.8;    3;   0.0;   0;    7.833;-999;  -999;   9.0; 1016.43;   16.3;   49.25;   21.1;   11.2;    8.3;eor
        433;20190704;   10;  13.5;   4.2;    3;   0.0;   4;   11.250;-999;  -999;   9.1; 1015.38;   17.7;   46.67;   23.2;   10.7;    7.2;eor
        433;20190705;   10;  11.8;   5.2;    3;   0.0;   4;    0.067;-999;  -999;  12.2; 1008.35;   18.8;   55.96;   21.1;   15.7;   11.7;eor
        433;20190706;   10;  12.0;   3.6;    3;   6.2;   4;    0.517;-999;  -999;  14.2; 1003.34;   18.2;   69.58;   23.5;   13.6;    9.7;eor
        433;20190707;   10;  11.9;   5.5;    3;   0.0;   0;    2.117;-999;  -999;  10.1; 1004.78;   15.4;   58.75;   19.7;   12.0;    9.5;eor
        433;20190708;   10;  11.4;   4.5;    3;   2.6;   4;    1.550;-999;  -999;  10.5; 1009.07;   14.4;   64.08;   18.0;   11.7;    9.3;eor
        433;20190709;   10;  11.5;   4.5;    3;   0.0;   4;    4.600;-999;  -999;  10.6; 1010.95;   14.7;   63.92;   18.7;   10.1;    8.0;eor
        433;20190710;   10;  10.7;   4.9;    3;   0.6;   4;    7.867;-999;  -999;  11.8; 1010.95;   16.4;   65.17;   22.7;   10.4;    5.6;eor
        433;20190711;   10;   5.9;   1.7;    3;   0.8;   4;    7.700;-999;  -999;  12.1; 1007.27;   19.0;   57.67;   24.4;   10.4;    3.2;eor
        433;20190712;   10;   6.6;   2.2;    3;   1.2;   4;    2.917;-999;  -999;  16.4; 1004.35;   18.6;   76.54;   22.2;   16.3;   10.9;eor
        433;20190713;   10;  10.4;   2.9;    3;   1.8;   4;    5.833;-999;  -999;  15.4; 1006.07;   19.6;   70.04;   25.7;   15.3;   11.5;eor
        433;20190714;   10;   8.9;   3.9;    3;   0.0;   0;    2.583;-999;  -999;  15.1; 1010.40;   17.3;   77.00;   21.4;   15.0;   11.3;eor
        433;20190715;   10;   8.7;   3.9;    3;   0.0;   4;    0.017;-999;  -999;  12.2; 1010.62;   16.0;   66.96;   18.1;   13.6;   11.6;eor
        433;20190716;   10;  10.4;   4.6;    3;   0.0;   4;    2.917;-999;  -999;  13.2; 1008.40;   17.2;   67.63;   21.3;   13.4;   12.5;eor
        433;20190717;   10;   7.0;   3.1;    3;   0.0;   0;    7.933;-999;  -999;  12.3; 1008.41;   17.8;   62.92;   24.5;   12.2;    8.3;eor
        433;20190718;   10;   7.0;   2.3;    3;   0.0;   0;   11.633;-999;  -999;  11.3; 1006.61;   21.3;   47.58;   27.5;   12.8;    5.5;eor
        433;20190719;   10;   8.2;   2.8;    3;   0.0;   4;    1.700;-999;  -999;  14.6; 1007.25;   21.6;   56.71;   25.3;   16.2;   10.5;eor
        433;20190720;   10;  22.4;   2.5;    3;  17.2;   4;   10.017;-999;  -999;  15.4; 1008.20;   23.3;   59.04;   30.6;   14.2;    9.2;eor
        433;20190721;   10;  13.3;   3.8;    3;   0.0;   0;    9.383;-999;  -999;  16.5; 1011.98;   21.6;   66.54;   27.4;   16.9;   12.6;eor
        433;20190722;   10;   8.2;   2.3;    3;   0.0;   4;    3.717;-999;  -999;  15.6; 1016.63;   20.8;   64.63;   25.4;   15.9;   10.5;eor
        433;20190723;   10;   8.5;   3.0;    3;   0.0;   0;   14.767;-999;  -999;  17.3; 1015.00;   24.4;   58.75;   30.6;   18.1;   13.4;eor
        433;20190724;   10;   6.8;   2.0;    3;   0.0;   0;   14.717;-999;  -999;  15.4; 1012.44;   25.9;   50.13;   32.6;   18.2;   11.2;eor
        433;20190725;   10;   8.1;   3.0;    3;   0.0;   0;   14.583;-999;  -999;  15.9; 1011.93;   26.7;   48.50;   33.9;   18.5;   12.0;eor
        433;20190726;   10;   9.7;   4.5;    3;   0.0;   0;   14.617;-999;  -999;  15.0; 1007.82;   25.2;   49.46;   31.3;   19.0;   16.5;eor
        433;20190727;   10;  11.5;   5.2;    3;   0.0;   0;   12.150;-999;  -999;  14.6; 1001.20;   23.8;   50.83;   29.0;   19.1;   17.0;eor
        433;20190728;   10;   9.6;   3.8;    3;   0.0;   0;   11.750;-999;  -999;  16.6;  996.96;   25.2;   53.54;   31.6;   18.0;   16.5;eor
        433;20190729;   10;  10.8;   2.3;    3;   0.7;   4;    4.967;-999;  -999;  20.5; 1001.39;   26.1;   62.88;   34.0;   21.3;   19.2;eor
        433;20190730;   10;   7.8;   3.7;    3;   0.0;   0;    2.767;-999;  -999;  22.0; 1004.98;   22.8;   79.63;   27.3;   19.6;   14.7;eor
        433;20190731;   10;  20.6;   2.3;    3;  15.4;   4;    2.783;-999;  -999;  18.7; 1008.74;   20.0;   80.46;   24.3;   15.5;   11.8;eor
        433;20190801;   10;   9.6;   2.3;    3;   0.0;   4;    4.367;-999;  -999;  16.0; 1010.68;   19.4;   72.88;   24.6;   15.2;   10.3;eor
        433;20190802;   10;  16.5;   1.6;    3;  35.3;   4;    7.667;-999;  -999;  16.2; 1008.85;   18.3;   79.33;   25.5;   13.6;    8.5;eor
        433;20190803;   10;  10.3;   2.1;    3;   0.0;   0;    9.050;-999;  -999;  14.5; 1008.53;   19.7;   66.13;   26.2;   14.6;   11.1;eor
        433;20190804;   10;   9.7;   3.2;    3;   0.0;   0;    6.683;-999;  -999;  14.7; 1009.73;   19.7;   65.17;   24.6;   15.3;    9.1;eor
        433;20190805;   10;   7.1;   2.1;    3;   0.0;   4;    3.950;-999;  -999;  15.2; 1006.17;   20.6;   64.00;   25.0;   13.8;    8.7;eor
        433;20190806;   10;  11.6;   2.5;    3;   3.1;   4;    7.183;-999;  -999;  17.7; 1003.61;   22.1;   68.04;   28.6;   17.6;   14.0;eor
        433;20190807;   10;   9.3;   2.2;    3;   0.3;   4;    3.267;-999;  -999;  17.9; 1000.88;   21.4;   70.96;   25.8;   17.4;   13.0;eor
        433;20190808;   10;  13.0;   3.7;    3;   0.0;   0;   11.967;-999;  -999;  13.5; 1004.29;   21.4;   55.50;   27.4;   15.8;    9.9;eor
        433;20190809;   10;   7.2;   2.1;    3;   0.0;   4;   10.117;-999;  -999;  14.1; 1006.04;   22.5;   53.71;   28.2;   14.2;    8.5;eor
        433;20190810;   10;  12.2;   3.9;    3;   0.0;   0;    6.150;-999;  -999;  16.0; 1004.78;   23.9;   54.38;   27.8;   20.3;   16.1;eor
        433;20190811;   10;   9.5;   2.9;    3;   0.0;   4;    9.583;-999;  -999;  12.7; 1008.52;   23.5;   45.58;   28.9;   17.5;   14.4;eor
        433;20190812;   10;   9.6;   3.4;    3;   0.0;   0;    4.033;-999;  -999;  12.7; 1008.20;   21.0;   51.46;   23.4;   17.9;   16.0;eor
        433;20190813;   10;  12.9;   4.3;    3;   0.0;   4;    9.417;-999;  -999;  11.8; 1009.26;   18.7;   55.42;   23.0;   14.0;    9.2;eor
        433;20190814;   10;  10.1;   3.3;    3;   0.0;   0;    9.750;-999;  -999;   9.7; 1011.20;   17.4;   50.75;   22.8;   13.6;    5.4;eor
        433;20190815;   10;  10.2;   2.9;    3;   0.2;   4;    1.183;-999;  -999;  12.0; 1006.93;   18.2;   56.92;   22.7;   12.2;    8.5;eor
        433;20190816;   10;   9.0;   3.4;    3;   0.0;   0;    4.767;-999;  -999;  13.8; 1009.29;   18.6;   66.21;   23.6;   15.0;    7.6;eor
        433;20190817;   10;  11.0;   3.2;    3;   0.2;   4;    3.017;-999;  -999;  13.0; 1005.18;   20.6;   54.67;   27.8;   14.6;    7.3;eor
        433;20190818;   10;  13.9;   2.6;    3;  10.9;   4;    1.883;-999;  -999;  18.9; 1001.95;   20.3;   79.88;   26.9;   17.4;   15.8;eor
        433;20190819;   10;  10.7;   2.8;    3;   0.0;   0;    8.183;-999;  -999;  14.2; 1009.82;   19.2;   66.92;   24.7;   14.5;    8.3;eor
        433;20190820;   10;   6.0;   1.7;    3;   0.6;   4;    5.567;-999;  -999;  12.4; 1015.73;   19.4;   57.71;   25.1;   11.6;    6.5;eor
        433;20190821;   10;   8.8;   2.5;    3;   0.0;   0;   11.017;-999;  -999;  12.2; 1021.30;   18.4;   59.38;   24.0;   13.0;    6.5;eor
        433;20190822;   10;   6.8;   1.9;    3;   0.0;   0;   12.217;-999;  -999;  11.3; 1021.55;   19.9;   51.58;   26.6;   11.5;    4.5;eor
        433;20190823;   10;   6.6;   2.1;    3;   0.0;   0;   12.733;-999;  -999;  13.2; 1020.37;   21.5;   54.33;   28.3;   12.5;    6.4;eor
        433;20190824;   10;   9.5;   2.8;    3;   0.0;   0;   11.467;-999;  -999;  14.4; 1017.94;   22.3;   55.75;   29.6;   13.9;    6.8;eor
        433;20190825;   10;  10.3;   3.7;    3;   0.0;   0;   10.417;-999;  -999;  15.2; 1015.40;   24.7;   49.75;   31.3;   19.0;   16.4;eor
        433;20190826;   10;  11.7;   2.4;    3;   1.4;   4;    5.250;-999;  -999;  18.0; 1014.15;   24.1;   60.63;   31.7;   18.4;   12.0;eor
        433;20190827;   10;   9.3;   2.7;    3;   0.0;   0;    9.350;-999;  -999;  18.6; 1011.88;   25.8;   58.71;   32.3;   18.7;   14.1;eor
        433;20190828;   10;  11.6;   2.4;    3;   0.0;   4;    8.117;-999;  -999;  18.6; 1009.01;   25.8;   58.38;   33.7;   19.3;   14.5;eor
        433;20190829;   10;   9.1;   2.9;    3;   0.0;   0;   11.417;-999;  -999;  17.6; 1011.45;   24.6;   58.88;   31.1;   18.5;   12.8;eor
        433;20190830;   10;   7.2;   2.5;    3;   0.0;   0;    7.667;-999;  -999;  18.2; 1015.72;   24.6;   60.17;   29.9;   20.0;   14.7;eor
        433;20190831;   10;   7.8;   2.7;    3;   0.0;   0;   12.017;-999;  -999;  17.4; 1009.77;   26.9;   52.63;   33.9;   19.7;   13.8;eor
        433;20190901;   10;  12.4;   4.4;    3;   0.0;   0;    7.917;-999;  -999;  16.7; 1004.78;   23.9;   56.71;   30.5;   16.9;   15.4;eor
        433;20190902;   10;  10.6;   4.1;    3;   0.0;   0;    9.317;-999;  -999;  10.3; 1014.57;   17.4;   53.25;   22.2;   12.8;    3.5;eor
        433;20190903;   10;   9.8;   2.9;    3;   0.1;   4;    2.417;-999;  -999;  10.9; 1016.35;   16.6;   59.04;   21.8;   10.1;    2.1;eor
        433;20190904;   10;  10.3;   2.8;    3;   0.6;   4;    8.900;-999;  -999;  12.0; 1009.97;   20.5;   53.04;   27.3;   14.7;    9.7;eor
        433;20190905;   10;  15.5;   5.4;    3;   0.0;   4;    6.400;-999;  -999;  11.9; 1009.71;   17.6;   60.42;   22.5;   12.3;    9.9;eor
        433;20190906;   10;  10.5;   2.6;    3;   0.0;   4;   11.583;-999;  -999;   8.8; 1016.88;   15.2;   53.71;   21.0;    9.7;    2.9;eor
        433;20190907;   10;-999;-999;    3;   0.0;   4;    0.767;-999;  -999;  -999;    -999;   14.0;-999;   19.6;    7.8;    0.6;eor
        433;20190908;   10;-999;-999;    3;   2.0;   4;    6.500;-999;  -999;  -999;    -999;   16.0;-999;   21.0;   11.5;    7.5;eor
        433;20190909;   10;  10.9;   4.1;    3;  13.9;   4;    0.000;-999;  -999;  -999;    -999;   13.5;-999;   14.7;   12.0;   11.7;eor
        433;20190910;   10;  15.1;   5.3;    3;   0.0;   0;    8.333;-999;  -999;  11.2; 1009.22;   15.5;   65.79;   20.3;   11.5;    7.5;eor
        433;20190911;   10;   9.9;   2.6;    3;   0.4;   4;   10.400;-999;  -999;   9.9; 1016.00;   16.3;   55.96;   22.9;    8.3;    2.4;eor
        433;20190912;   10;   9.2;   3.0;    3;   0.0;   4;    2.750;-999;  -999;  15.5; 1020.30;   17.9;   76.29;   22.7;   14.7;   12.3;eor
        433;20190913;   10;  14.2;   4.4;    3;   0.0;   4;    3.183;-999;  -999;  13.5; 1022.87;   17.3;   67.79;   23.0;   11.6;    4.9;eor
        433;20190914;   10;   6.8;   1.8;    3;   0.0;   0;   11.150;-999;  -999;   9.7; 1026.67;   13.9;   63.58;   19.4;    8.2;    2.1;eor
        433;20190915;   10;  13.0;   4.2;    3;   0.2;   4;    9.133;-999;  -999;  10.0; 1014.72;   16.8;   56.08;   24.3;    9.9;    5.0;eor
        433;20190916;   10;   8.9;   4.1;    3;   0.1;   4;    1.167;-999;  -999;  12.3; 1012.40;   14.2;   76.29;   16.3;   12.7;   11.3;eor
        433;20190917;   10;  17.1;   6.0;    3;   0.7;   4;    1.867;-999;  -999;  10.7; 1008.57;   12.2;   74.46;   15.7;    9.1;    7.1;eor
        433;20190918;   10;  13.9;   5.8;    3;   0.0;   0;    6.500;-999;  -999;   8.5; 1015.29;   11.7;   63.67;   16.6;    7.5;    5.0;eor
        433;20190919;   10;   9.3;   3.8;    3;   0.0;   0;    7.967;-999;  -999;   8.6; 1020.89;   11.3;   65.21;   16.7;    7.1;   -0.2;eor
        433;20190920;   10;   9.7;   3.0;    3;   0.0;   0;    5.867;-999;  -999;   9.5; 1021.72;   12.3;   67.50;   17.2;    6.9;   -1.0;eor
        433;20190921;   10;   6.2;   1.6;    3;   0.0;   0;   11.083;-999;  -999;  10.0; 1016.64;   14.4;   63.33;   22.2;    7.3;    1.2;eor
        433;20190922;   10;   9.4;   2.7;    3;   0.0;   0;   11.150;-999;  -999;  10.2; 1008.73;   16.6;   57.92;   25.1;    8.0;    0.7;eor
        433;20190923;   10;   9.7;   2.7;    3;   0.0;   0;   10.200;-999;  -999;  10.7; 1007.90;   16.7;   59.50;   23.3;    8.5;    1.1;eor
        433;20190924;   10;   4.2;   1.8;    3;   0.0;   4;    1.167;-999;  -999;  14.8; 1006.68;   15.4;   84.75;   18.6;   12.8;    8.5;eor
        433;20190925;   10;   5.0;   1.7;    3;   2.1;   4;    0.000;-999;  -999;  15.2; 1000.87;   14.9;   89.25;   17.1;   11.0;    7.3;eor
        433;20190926;   10;   5.8;   1.9;    3;   0.1;   4;    5.817;-999;  -999;  14.0; 1005.16;   15.5;   80.71;   20.5;   10.1;    4.3;eor
        433;20190927;   10;  10.6;   2.2;    3;  11.4;   4;    0.083;-999;  -999;  16.0; 1003.95;   15.1;   92.58;   17.1;   12.0;    9.0;eor
        433;20190928;   10;  12.8;   3.2;    3;   8.0;   4;    4.050;-999;  -999;  14.3; 1004.83;   14.3;   88.04;   19.1;   11.7;    9.2;eor
        433;20190929;   10;  10.5;   3.5;    3;   8.0;   4;    0.683;-999;  -999;  13.9;  997.48;   14.7;   83.21;   17.0;   12.8;   10.7;eor
        433;20190930;   10;  22.2;   6.7;    3;   2.6;   4;    1.400;-999;  -999;  13.7;  994.11;   14.6;   82.46;   17.4;   10.9;    9.0;eor
        433;20191001;   10;   9.3;   3.6;    3;  13.7;   4;    0.067;-999;  -999;  14.0;  995.97;   13.9;   87.33;   17.3;   10.7;    8.6;eor
        433;20191002;   10;  11.9;   4.0;    3;   2.0;   4;    3.200;-999;  -999;  10.2;  998.81;   10.4;   80.96;   14.0;    7.3;    5.0;eor
        433;20191003;   10;  11.3;   4.6;    3;   0.8;   4;    0.817;-999;  -999;  10.1; 1006.37;    9.6;   84.71;   12.5;    7.3;    2.1;eor
        433;20191004;   10;   7.3;   2.3;    3;  22.5;   4;    1.983;-999;  -999;   9.8; 1004.54;    8.8;   86.92;   11.6;    4.6;    0.0;eor
        433;20191005;   10;  11.7;   4.8;    3;   0.0;   4;    2.067;-999;  -999;   9.4; 1007.93;    8.6;   83.96;   11.7;    4.4;   -0.7;eor
        433;20191006;   10;   7.8;   2.6;    3;   0.0;   0;    7.750;-999;  -999;   7.4; 1014.70;    6.5;   78.29;   11.5;    2.3;   -3.1;eor
        433;20191007;   10;   4.9;   1.2;    3;   0.0;   0;    7.733;-999;  -999;   6.7; 1013.90;    6.5;   71.63;   12.5;    0.3;   -4.0;eor
        433;20191008;   10;   8.6;   3.1;    3;   2.5;   4;    0.000;-999;  -999;  11.2; 1001.99;   10.1;   87.92;   13.2;    5.3;    3.8;eor
        433;20191009;   10;   9.5;   3.5;    3;   1.6;   4;    3.467;-999;  -999;  11.6; 1000.77;   12.6;   80.33;   16.1;   10.0;    7.9;eor
        433;20191010;   10;  13.3;   4.3;    3;   2.4;   4;    4.700;-999;  -999;  10.7; 1004.14;   11.4;   79.67;   15.5;    9.6;    7.3;eor
        433;20191011;   10;  13.4;   4.7;    3;   1.0;   4;    0.683;-999;  -999;  11.7; 1006.95;   13.1;   77.29;   15.8;    9.5;    7.3;eor
        433;20191012;   10;  13.5;   4.2;    3;   0.0;   0;    5.350;-999;  -999;  13.2; 1004.55;   16.6;   69.79;   20.2;   14.5;    9.3;eor
        433;20191013;   10;   8.3;   3.0;    3;   0.0;   4;    5.233;-999;  -999;  16.0; 1006.34;   19.5;   70.63;   24.7;   14.7;   12.0;eor
        433;20191014;   10;   6.6;   2.8;    3;   0.0;   0;    9.367;-999;  -999;  15.5; 1008.03;   18.6;   72.67;   23.0;   14.9;   10.2;eor
        433;20191015;   10;   6.7;   2.2;    3;   0.0;   4;    9.117;-999;  -999;  15.0; 1001.77;   16.1;   83.21;   21.9;   11.6;    5.3;eor
        433;20191016;   10;  13.2;   3.5;    3;   7.3;   4;    0.000;-999;  -999;  13.1; 1002.63;   12.1;   92.79;   14.5;   10.1;    4.5;eor
        433;20191017;   10;   9.8;   2.8;    3;   0.4;   4;    0.633;-999;  -999;  12.7; 1006.88;   14.9;   75.00;   18.1;   12.1;    9.0;eor
        433;20191018;   10;  10.4;   3.0;    3;   2.1;   4;    6.133;-999;  -999;  13.4; 1004.64;   14.8;   79.46;   19.3;   10.2;    6.9;eor
        433;20191019;   10;   8.5;   2.6;    3;   0.1;   4;    0.617;-999;  -999;  11.9; 1004.64;   12.4;   82.00;   16.2;    9.2;    6.0;eor
        433;20191020;   10;   5.4;   1.7;    3;   0.0;   0;    5.450;-999;  -999;  13.2; 1005.16;   15.0;   78.00;   20.6;   11.5;    7.6;eor
        433;20191021;   10;   4.5;   1.4;    3;   0.0;   4;    1.133;-999;  -999;  14.4; 1011.45;   14.6;   86.38;   18.5;   10.0;    5.6;eor
        433;20191022;   10;   5.5;   1.9;    3;   0.0;   0;    4.600;-999;  -999;  12.6; 1017.65;   12.9;   84.67;   18.4;    8.4;    3.6;eor
        433;20191023;   10;   7.3;   2.6;    3;   0.0;   4;    6.150;-999;  -999;  12.5; 1013.83;   12.1;   88.46;   17.2;    6.0;    2.5;eor
        433;20191024;   10;   6.4;   2.7;    3;   0.0;   4;    0.183;-999;  -999;  14.6; 1005.33;   13.8;   92.13;   16.9;   11.5;    6.9;eor
        433;20191025;   10;  11.8;   3.2;    3;   0.0;   0;    5.367;-999;  -999;  12.5; 1012.41;   14.5;   76.46;   18.6;   11.7;    6.6;eor
        433;20191026;   10;  10.6;   4.0;    3;   0.0;   0;    7.283;-999;  -999;  12.1; 1010.03;   14.6;   73.04;   18.2;   11.1;    8.7;eor
        433;20191027;   10;  16.9;   4.3;    3;   0.5;   4;    0.000;-999;  -999;  10.2; 1009.63;   11.9;   72.54;   16.8;    6.2;    2.8;eor
        433;20191028;   10;  10.3;   3.6;    3;   1.0;   4;    5.850;-999;  -999;   8.9; 1014.00;    8.4;   81.25;   12.3;    5.5;    2.5;eor
        433;20191029;   10;   5.9;   2.6;    3;   0.0;   0;    3.500;-999;  -999;   7.7; 1018.76;    5.3;   86.75;    9.4;    1.4;   -5.2;eor
        433;20191030;   10;   4.1;   1.1;    3;   0.0;   0;    6.600;-999;  -999;   6.2; 1024.40;    3.1;   82.54;    9.2;   -1.7;   -6.8;eor
        433;20191031;   10;   4.6;   1.5;    3;   0.0;   0;    7.883;-999;  -999;   5.7; 1021.39;    2.1;   81.83;    7.2;   -3.1;   -7.8;eor
        433;20191101;   10;  10.5;   3.6;    3;   1.5;   4;    5.117;-999;  -999;   6.3; 1007.68;    3.0;   82.58;    6.8;   -1.9;   -7.5;eor
        433;20191102;   10;   7.2;   2.9;    3;   0.2;   4;    0.217;-999;  -999;  11.9;  988.68;   11.3;   88.04;   16.3;    6.8;    6.2;eor
        433;20191103;   10;   6.6;   2.3;    3;   3.2;   4;    0.000;-999;  -999;  12.2;  984.90;   10.9;   93.50;   12.7;    7.9;    4.6;eor
        433;20191104;   10;   7.3;   2.2;    3;   5.0;   4;    0.350;-999;  -999;  11.7;  984.60;   10.4;   92.00;   13.0;    8.5;    6.6;eor
        433;20191105;   10;   7.3;   2.7;    3;   0.8;   4;    0.050;-999;  -999;  10.6;  989.75;    9.5;   89.38;   11.4;    8.2;    4.4;eor
        433;20191106;   10;   6.1;   2.7;    3;   1.4;   4;    0.000;-999;  -999;  10.1;  994.20;    8.2;   92.42;    9.2;    6.1;    4.4;eor
        433;20191107;   10;   5.7;   2.2;    3;   0.0;   0;    0.850;-999;  -999;   9.6;  997.83;    8.3;   88.00;   11.6;    5.9;    4.9;eor
        433;20191108;   10;   7.0;   2.4;    3;   1.3;   4;    0.567;-999;  -999;   9.1; 1001.05;    7.3;   88.92;   10.1;    2.7;   -0.7;eor
        433;20191109;   10;   8.1;   2.8;    3;   0.3;   4;    0.000;-999;  -999;   9.6; 1000.79;    6.9;   95.42;    7.8;    4.7;   -0.6;eor
        433;20191110;   10;   4.4;   1.3;    3;   0.0;   0;    6.317;-999;  -999;   8.0; 1007.75;    5.4;   90.00;    9.7;    2.2;   -1.7;eor
        433;20191111;   10;   8.3;   2.9;    3;   0.0;   0;    4.167;-999;  -999;   6.6; 1005.75;    2.9;   88.42;    7.1;    0.4;   -1.0;eor
        433;20191112;   10;   6.7;   2.8;    3;   0.0;   0;    0.467;-999;  -999;   6.8; 1000.26;    4.4;   81.71;    7.4;    0.9;   -1.0;eor
        433;20191113;   10;   5.4;   2.2;    3;   0.0;   0;    0.000;-999;  -999;   7.4;  997.42;    5.0;   84.29;    6.8;    3.5;   -0.7;eor
        433;20191114;   10;  12.0;   3.4;    3;   0.0;   0;    6.467;-999;  -999;   7.2; 1003.06;    5.4;   80.79;    9.0;    3.4;    0.8;eor
        433;20191115;   10;  14.5;   5.5;    3;   0.9;   4;    0.267;-999;  -999;   8.8; 1000.63;    7.2;   85.13;    9.6;    3.9;    3.5;eor
        433;20191116;   10;  10.6;   3.1;    3;   1.3;   4;    0.000;-999;  -999;   8.9; 1001.92;    6.3;   91.96;    8.9;    2.0;   -1.7;eor
        433;20191117;   10;   7.3;   2.7;    3;   1.3;   4;    0.000;-999;  -999;   8.0; 1006.13;    4.3;   94.75;    8.5;   -1.0;   -4.9;eor
        433;20191118;   10;   9.1;   3.2;    3;   0.6;   4;    0.000;-999;  -999;   9.6; 1000.88;    8.1;   88.25;   11.3;    4.0;    1.5;eor
        433;20191119;   10;  12.2;   3.6;    3;   6.0;   4;    3.817;-999;  -999;   7.4; 1009.88;    6.5;   76.29;    8.6;    4.2;    1.6;eor
        433;20191120;   10;   5.1;   1.8;    3;   0.0;   4;    0.000;-999;  -999;   8.5; 1012.37;    5.5;   94.54;    6.2;    5.0;    4.2;eor
        433;20191121;   10;   6.1;   2.9;    3;   4.3;   4;    0.000;-999;  -999;  10.4; 1006.01;    8.2;   95.71;    9.8;    6.0;    5.8;eor
        433;20191122;   10;   7.7;   2.8;    3;   0.0;   0;    0.150;-999;  -999;  10.6; 1004.78;    8.7;   93.96;   10.2;    6.8;    5.0;eor
        433;20191123;   10;  10.6;   5.4;    3;   0.0;   0;    2.483;-999;  -999;   8.3; 1002.97;    5.9;   89.08;    8.3;    2.8;    1.0;eor
        433;20191124;   10;   9.7;   4.9;    3;   0.0;   0;    1.533;-999;  -999;   7.5; 1005.18;    4.3;   90.67;    6.5;    2.8;    1.2;eor
        433;20191125;   10;   6.7;   3.4;    3;   0.0;   0;    0.000;-999;  -999;   7.8; 1006.51;    4.3;   93.88;    4.9;    3.6;    3.6;eor
        433;20191126;   10;   7.7;   2.6;    3;   0.0;   0;    0.000;-999;  -999;   8.5; 1001.80;    6.3;   88.92;    8.1;    3.9;    3.9;eor
        433;20191127;   10;   8.1;   3.4;    3;   2.5;   4;    0.000;-999;  -999;   8.9;  992.07;    6.5;   91.17;    8.0;    4.9;    3.1;eor
        433;20191128;   10;  12.8;   4.9;    3;   1.4;   4;    2.350;-999;  -999;   9.5;  985.86;   10.1;   76.92;   12.6;    7.4;    5.6;eor
        433;20191129;   10;  14.9;   6.5;    3;   0.0;   4;    0.583;-999;  -999;   7.1;  996.84;    5.5;   76.71;    9.5;    0.0;   -2.7;eor
        433;20191130;   10;   7.8;   2.9;    3;   0.0;   0;    3.150;-999;  -999;   6.1; 1014.54;    1.8;   87.25;    5.0;   -1.3;   -5.6;eor
        433;20191201;    3;   4.2;   1.6;    3;   0.0;   4;    0.000;-999;  -999;   6.9; 1016.06;    2.7;   92.71;    3.7;    1.2;    1.2;eor
        433;20191202;    3;   9.7;   4.3;    3;   0.5;   4;    0.000;-999;  -999;   6.9; 1014.01;    3.2;   89.88;    4.8;    1.6;   -0.7;eor
        433;20191203;    3;   7.2;   2.7;    3;   0.1;   4;    3.433;-999;  -999;   7.1; 1019.73;    3.0;   92.25;    5.8;   -0.8;   -6.2;eor
        433;20191204;    3;   6.9;   2.8;    3;   0.0;   0;    3.183;-999;  -999;   7.2; 1017.35;    4.4;   85.29;    7.3;    0.1;   -3.1;eor
        433;20191205;    3;   7.2;   2.5;    3;   0.0;   0;    6.350;-999;  -999;   5.6; 1013.42;    1.1;   84.58;    4.7;   -1.3;   -6.0;eor
        433;20191206;    3;  11.8;   4.8;    3;   5.3;   4;    0.000;-999;  -999;   6.1; 1004.23;    2.4;   82.92;    5.7;   -0.4;   -2.3;eor
        433;20191207;    3;  13.4;   5.7;    3;   0.9;   4;    0.033;-999;  -999;   9.1; 1000.65;    8.0;   85.17;    9.7;    5.7;    4.9;eor
        433;20191208;    3;  13.7;   5.2;    3;   0.5;   4;    0.050;-999;  -999;   8.6;  996.67;    9.2;   74.04;   11.4;    7.7;    6.2;eor
        433;20191209;    3;  11.3;   4.5;    3;   2.0;   4;    3.483;-999;  -999;   7.9;  994.29;    7.4;   76.96;    9.9;    4.6;    2.1;eor
        433;20191210;    3;  10.5;   4.3;    3;   0.0;   0;    6.000;-999;  -999;   6.5; 1014.08;    3.5;   83.13;    6.3;    1.0;   -1.4;eor
        433;20191211;    3;   8.4;   3.3;    3;   1.1;   4;    0.000;-999;  -999;   5.1; 1005.57;    2.8;   68.75;    4.4;    0.7;   -1.7;eor
        433;20191212;    3;   6.9;   2.9;    3;   0.0;   4;    0.000;-999;  -999;   6.6;  996.16;    2.3;   91.96;    4.0;    0.9;   -1.1;eor
        433;20191213;    3;   9.1;   3.8;    3;   0.5;   4;    2.933;-999;  -999;   5.8;  980.55;    1.3;   86.29;    2.8;   -0.5;   -2.2;eor
        433;20191214;    3;  19.7;   3.9;    3;   4.9;   4;    0.083;-999;  -999;   7.1;  983.32;    3.8;   88.75;    5.7;    2.1;    1.5;eor
        433;20191215;    3;  10.9;   4.5;    3;   2.0;   4;    1.700;-999;  -999;   7.1;  995.40;    5.9;   76.92;    9.8;    2.5;   -0.5;eor
        433;20191216;    3;   6.1;   2.4;    3;   0.1;   4;    0.000;-999;  -999;   8.2; 1003.28;    6.3;   85.17;    8.2;    4.3;   -0.2;eor
        433;20191217;    3;   6.9;   2.9;    3;   0.0;   4;    0.133;-999;  -999;   8.5; 1000.54;    8.4;   77.42;   11.9;    4.7;    1.2;eor
        433;20191218;    3;  13.0;   3.0;    3;   0.0;   0;    1.317;-999;  -999;   8.2; 1009.73;    8.1;   75.67;   12.0;    0.2;   -4.6;eor
        433;20191219;    3;   6.6;   2.6;    3;   0.0;   0;    1.267;-999;  -999;   8.1; 1010.50;    4.3;   97.54;    7.4;    0.5;   -1.5;eor
        433;20191220;    3;   6.6;   2.6;    3;   3.6;   4;    5.667;-999;  -999;   9.0;  991.18;    6.8;   90.42;   10.6;    2.3;   -1.9;eor
        433;20191221;    3;   6.2;   2.3;    3;   0.0;   0;    2.950;-999;  -999;   9.1;  987.53;    7.1;   90.21;   10.3;    2.3;   -1.4;eor
        433;20191222;    3;   5.3;   2.4;    3;   0.1;   4;    0.000;-999;  -999;   7.3;  984.28;    2.8;   97.50;    5.2;    0.4;   -3.3;eor
        433;20191223;    3;   9.8;   3.5;    3;   1.4;   4;    0.100;-999;  -999;   8.7;  995.60;    6.8;   88.08;    8.4;    5.0;    3.5;eor
        433;20191224;    3;   8.5;   3.1;    3;   3.0;   4;    1.733;-999;  -999;   8.1; 1003.65;    6.2;   85.83;    8.3;    4.7;    3.8;eor
        433;20191225;    3;   8.3;   4.2;    3;   0.7;   4;    0.000;-999;  -999;   8.4; 1007.84;    5.5;   92.54;    6.1;    3.9;    0.9;eor
        433;20191226;    3;   7.9;   3.6;    3;   0.8;   4;    0.383;-999;  -999;   8.0; 1016.63;    4.9;   91.46;    6.0;    3.9;    1.9;eor
        433;20191227;    3;   8.5;   3.7;    3;   0.1;   4;    0.817;-999;  -999;   6.9; 1023.37;    3.1;   89.42;    4.4;    0.8;   -1.8;eor
        433;20191228;    3;   6.5;   3.2;    3;   0.0;   0;    0.000;-999;  -999;   5.0; 1035.37;    1.3;   74.79;    2.4;   -1.4;   -6.3;eor
        433;20191229;    3;   6.2;   1.9;    3;   0.0;   0;    4.367;-999;  -999;   4.7; 1032.87;    0.0;   77.17;    2.3;   -3.6;   -8.2;eor
        433;20191230;    3;   7.9;   3.5;    3;   0.0;   0;    0.200;-999;  -999;   4.2; 1022.28;    4.5;   51.29;    7.2;    1.6;    0.7;eor
        433;20191231;    3;  12.4;   5.2;    3;   0.0;   0;    0.317;-999;  -999;   6.7; 1021.70;    6.0;   71.50;    7.6;    4.2;    0.2;eor
        433;20200101;    3;   8.4;   2.5;    3;   0.0;   0;    1.533;-999;  -999;   6.5; 1026.84;    2.7;   87.75;    5.7;   -1.7;   -8.7;eor
        433;20200102;    3;   5.6;   1.7;    3;   0.0;   0;    6.233;-999;  -999;   4.8; 1020.59;    0.9;   76.29;    6.7;   -3.8;   -9.2;eor
        433;20200103;    3;  15.1;   4.2;    3;   4.3;   4;    0.000;-999;  -999;   7.6; 1011.53;    4.6;   88.38;    7.2;    1.5;   -0.8;eor
        433;20200104;    3;  17.4;   6.3;    3;   5.7;   4;    0.000;-999;  -999;   7.1; 1014.14;    4.2;   85.42;    5.8;    1.6;   -0.1;eor
        433;20200105;    3;   9.8;   3.2;    3;   0.0;   4;    1.650;-999;  -999;   5.9; 1026.32;    1.8;   84.50;    3.8;   -0.6;   -3.3;eor
        433;20200106;    3;   6.6;   2.9;    3;   0.0;   4;    1.567;-999;  -999;   7.0; 1020.91;    4.9;   80.33;    7.4;    2.3;   -1.0;eor
        433;20200107;    3;   6.2;   2.3;    3;   0.4;   4;    0.000;-999;  -999;   6.9; 1018.40;    2.7;   91.71;    5.8;   -0.5;   -4.6;eor
        433;20200108;    3;  10.2;   4.0;    3;   1.6;   4;    0.000;-999;  -999;   8.3; 1016.85;    6.4;   85.38;    8.4;    3.2;    2.3;eor
        433;20200109;    3;   8.6;   3.2;    3;   3.9;   4;    0.000;-999;  -999;  10.6; 1010.80;    8.4;   96.04;   10.0;    7.2;    6.7;eor
        433;20200110;    3;  14.0;   4.6;    3;   2.1;   4;    2.217;-999;  -999;  10.4; 1008.56;    9.4;   88.00;   11.5;    4.6;    3.9;eor
        433;20200111;    3;  10.2;   4.2;    3;   0.0;   0;    1.683;-999;  -999;   6.9; 1022.82;    4.7;   80.08;    7.2;    2.5;    0.7;eor
        433;20200112;    3;  10.4;   4.4;    3;   0.0;   4;    4.583;-999;  -999;   6.2; 1015.45;    3.7;   77.25;    6.3;    1.3;   -0.7;eor
        433;20200113;    3;   9.5;   3.4;    3;   0.0;   4;    0.683;-999;  -999;   7.7; 1013.46;    5.5;   84.83;    8.2;    2.1;   -1.0;eor
        433;20200114;    3;  11.4;   4.2;    3;   0.0;   4;    0.133;-999;  -999;   7.3; 1005.67;    7.0;   73.33;   10.2;    2.0;   -0.3;eor
        433;20200115;    3;   9.4;   4.3;    3;   0.0;   4;    1.067;-999;  -999;   7.5; 1008.81;   10.4;   59.71;   14.0;    8.2;    4.9;eor
        433;20200116;    3;   6.3;   2.7;    3;   0.0;   0;    6.800;-999;  -999;   7.8; 1021.00;    7.7;   75.17;   11.4;    3.8;   -0.9;eor
        433;20200117;    3;  10.6;   3.4;    3;   0.1;   4;    6.433;-999;  -999;   6.9; 1014.18;    4.7;   81.25;    9.3;    1.2;   -0.9;eor
        433;20200118;    3;   9.5;   3.2;    3;   0.0;   4;    3.017;-999;  -999;   7.1; 1016.07;    5.6;   77.33;    7.2;    3.8;    0.7;eor
        433;20200119;    3;   6.5;   3.0;    3;   0.0;   0;    0.083;-999;  -999;   7.1; 1027.73;    4.2;   85.33;    5.0;    3.4;    1.9;eor
        433;20200120;    3;   7.1;   2.7;    3;   0.0;   0;    2.517;-999;  -999;   6.4; 1039.00;    2.4;   88.63;    4.9;    0.1;   -4.4;eor
        433;20200121;    3;   8.3;   3.6;    3;   0.0;   0;    7.000;-999;  -999;   5.8; 1033.23;    2.6;   79.79;    6.9;   -0.5;   -2.5;eor
        433;20200122;    3;  10.8;   4.5;    3;   0.1;   4;    0.000;-999;  -999;   7.3; 1026.10;    4.3;   87.42;    6.1;    2.6;   -3.8;eor
        433;20200123;    3;   5.7;   2.4;    3;   0.0;   0;    0.433;-999;  -999;   6.4; 1026.50;    3.7;   80.96;    6.3;   -0.1;   -5.2;eor
        433;20200124;    3;   8.5;   2.8;    3;   0.0;   4;    6.483;-999;  -999;   5.5;    -999;    0.4;   87.04;    4.0;   -2.5;   -7.1;eor
        433;20200125;    3;   6.7;   2.8;    3;   0.0;   4;    0.000;-999;  -999;   6.2; 1015.81;    0.6;   96.54;    1.6;   -0.2;   -0.4;eor
        433;20200126;    3;   6.0;   2.4;    3;   0.0;   0;    0.000;-999;  -999;   5.7; 1013.05;   -0.4;   96.42;    0.8;   -1.8;   -1.5;eor
        433;20200127;    3;  10.4;   3.0;    3;   2.5;   4;    2.417;-999;  -999;   7.6; 1004.11;    5.2;   85.46;    9.1;    0.6;   -1.5;eor
        433;20200128;    3;  14.6;   4.7;    3;  10.3;   4;    2.083;-999;  -999;   7.7;  988.30;    5.7;   84.04;    8.9;    2.6;    1.9;eor
        433;20200129;    3;  14.4;   6.6;    3;   0.8;   4;    0.183;-999;  -999;   6.5;  995.18;    4.7;   76.50;    6.5;    3.1;    2.2;eor
        433;20200130;    3;  13.5;   5.2;    3;   2.2;   4;    0.000;-999;  -999;   7.4; 1000.35;    5.8;   80.17;    8.6;    2.3;    0.6;eor
        433;20200131;    3;  17.0;   5.1;    3;   0.0;   0;    2.517;-999;  -999;   9.5;  997.18;    9.9;   78.42;   11.3;    6.1;    5.2;eor
        433;20200201;    3;  13.2;   4.5;    3;   7.5;   4;    0.000;-999;  -999;  10.9;  996.36;   10.9;   83.17;   12.7;    8.0;    6.0;eor
        433;20200202;    3;  13.3;   4.6;    3;   4.3;   4;    0.000;-999;  -999;   8.5;  999.21;    7.4;   82.71;    8.9;    5.7;    5.1;eor
        433;20200203;    3;  12.0;   3.8;    3;   3.8;   4;    0.167;-999;  -999;   9.4; 1000.73;    7.4;   91.04;    9.9;    5.6;    5.0;eor
        433;20200204;    3;  15.4;   6.1;    3;   2.0;   4;    0.550;-999;  -999;   7.3; 1000.11;    5.3;   81.13;    6.8;    3.5;    2.6;eor
        433;20200205;    3;  14.7;   5.9;    3;   0.0;   0;    7.183;-999;  -999;   5.9; 1022.28;    3.4;   75.83;    5.9;    1.7;   -0.2;eor
        433;20200206;    3;  10.6;   5.0;    3;   0.0;   4;    0.133;-999;  -999;   6.9; 1021.93;    4.7;   79.96;    6.3;    2.6;    1.2;eor
        433;20200207;    3;   6.9;   2.4;    3;   0.0;   4;    0.000;-999;  -999;   8.1; 1023.27;    5.8;   87.71;    6.5;    5.0;    4.0;eor
        433;20200208;    3;   8.6;   3.1;    3;   0.0;   4;    6.867;-999;  -999;   6.8; 1017.78;    5.1;   78.67;    9.0;    1.1;   -0.7;eor
        433;20200209;    3;  16.9;   5.6;    3;   7.9;   4;    5.500;-999;  -999;   7.6; 1003.52;    9.5;   64.54;   13.7;    5.4;    2.9;eor
        433;20200210;    3;  20.0;   7.0;    3;   6.9;   4;    0.583;-999;  -999;   8.1;  984.38;    7.4;   78.33;   14.1;    3.7;    1.4;eor
        433;20200211;    3;  19.0;   7.8;    3;   0.0;   4;    0.017;-999;  -999;   6.0;  989.91;    4.9;   69.58;    6.9;    3.4;    1.9;eor
        433;20200212;    3;  17.9;   7.5;    3;   0.0;   4;    0.450;-999;  -999;   5.4; 1000.93;    4.7;   63.25;    6.8;    3.1;    1.4;eor
        433;20200213;    3;  11.2;   4.2;    3;   0.9;   4;    3.133;-999;  -999;   6.1; 1003.81;    3.8;   75.33;    5.9;    1.4;   -1.1;eor
        433;20200214;    3;   7.8;   2.3;    3;   0.4;   4;    0.000;-999;  -999;   7.6; 1009.78;    4.1;   91.92;    6.0;    1.9;   -3.4;eor
        433;20200215;    3;  11.3;   3.2;    3;   0.0;   0;    6.317;-999;  -999;   7.4; 1015.02;    5.6;   82.42;   11.0;    0.9;   -1.7;eor
        433;20200216;    3;  17.0;   5.4;    3;   1.4;   4;    0.233;-999;  -999;   8.0; 1001.70;   11.8;   58.54;   16.0;    7.3;    5.2;eor
        433;20200217;    3;  19.6;   6.0;    3;   0.4;   4;    0.567;-999;  -999;   7.4; 1005.77;    9.9;   60.29;   12.0;    7.0;    4.0;eor
        433;20200218;    3;  16.5;   5.4;    3;   0.3;   4;    1.100;-999;  -999;   7.1; 1011.09;    7.0;   70.67;    8.3;    5.0;    2.9;eor
        433;20200219;    3;  14.9;   5.4;    3;   6.2;   4;    1.950;-999;  -999;   7.3; 1007.75;    5.4;   80.79;    6.8;    3.4;    2.1;eor
        433;20200220;    3;  10.8;   3.9;    3;   4.7;   4;    0.433;-999;  -999;   7.1; 1010.57;    5.1;   79.75;    7.8;    1.7;   -0.7;eor
        433;20200221;    3;  17.8;   6.2;    3;   0.0;   4;    1.867;-999;  -999;   6.8; 1012.77;    6.2;   72.54;    8.4;    4.2;    2.7;eor
        433;20200222;    3;  23.3;   6.8;    3;   1.2;   4;    0.550;-999;  -999;   6.9; 1009.70;    8.4;   63.13;   12.6;    5.7;    4.4;eor
        433;20200223;    3;  20.7;   5.7;    3;  16.4;   4;    0.000;-999;  -999;   8.2; 1002.67;    6.8;   83.46;    8.5;    3.8;    3.1;eor
        433;20200224;    3;  14.5;   5.1;    3;   7.3;   4;    0.200;-999;  -999;   7.1; 1007.19;    5.3;   80.00;    7.8;    3.7;    2.1;eor
        433;20200225;    3;  13.4;   4.7;    3;   3.2;   4;    3.717;-999;  -999;   8.2;  990.58;    8.0;   75.42;   10.6;    4.1;    1.6;eor
        433;20200226;    3;   9.8;   3.5;    3;   4.1;   4;    0.000;-999;  -999;   6.9;  988.70;    2.9;   91.71;    4.4;    1.2;    0.2;eor
        433;20200227;    3;   8.7;   3.1;    3;   0.4;   4;    0.467;-999;  -999;   6.4;  995.14;    3.5;   81.54;    5.9;    1.7;   -1.0;eor
        433;20200228;    3;  12.3;   4.5;    3;   2.8;   4;    1.867;-999;  -999;   6.1; 1004.92;    3.9;   75.92;    8.0;    1.4;   -1.8;eor
        433;20200229;    3;  11.2;   4.3;    3;   1.1;   4;    2.900;-999;  -999;   7.9;  992.50;    6.8;   79.33;   12.1;    1.0;    0.3;eor
        433;20200301;    3;  14.6;   4.3;    3;   2.9;   4;    4.217;-999;  -999;   7.3;  990.67;    7.1;   72.00;   10.5;    4.4;    1.6;eor
        433;20200302;    3;  10.6;   3.2;    3;   0.3;   4;    2.267;-999;  -999;   7.7;  988.12;    5.9;   82.79;    8.9;    3.1;    0.4;eor
        433;20200303;    3;  12.6;   3.7;    3;   0.2;   4;    0.000;-999;  -999;   7.5;  992.92;    4.8;   86.42;    6.9;    3.1;    0.3;eor
        433;20200304;    3;   8.7;   3.1;    3;   0.0;   4;    4.633;-999;  -999;   6.5; 1003.49;    4.8;   76.13;    9.5;    1.8;   -1.0;eor
        433;20200305;    3;   9.3;   3.2;    3;   2.9;   4;    4.850;-999;  -999;   6.4;  997.21;    5.3;   73.29;   10.3;    0.7;   -2.4;eor
        433;20200306;    3;  10.0;   3.7;    3;   6.6;   4;    0.000;-999;  -999;   8.3;  987.65;    5.4;   91.79;    7.1;    3.7;    3.1;eor
        433;20200307;    3;  14.0;   5.4;    3;   0.1;   4;    0.000;-999;  -999;   7.0; 1005.31;    4.5;   83.67;    6.8;    2.3;   -0.9;eor
        433;20200308;    3;   8.9;   2.9;    3;   0.0;   4;    1.400;-999;  -999;   7.0; 1009.82;    5.3;   78.38;    9.8;    0.5;   -3.5;eor
        433;20200309;    3;   6.8;   2.5;    3;   1.8;   4;    0.800;-999;  -999;   8.4; 1005.22;    7.5;   81.04;   10.7;    4.8;    0.6;eor
        433;20200310;    3;  15.7;   4.7;    3;  10.6;   4;    0.450;-999;  -999;   8.6;  999.97;    6.3;   89.00;   10.9;    3.0;    0.0;eor
        433;20200311;    3;  15.0;   5.2;    3;   1.5;   4;    3.983;-999;  -999;   9.1; 1001.59;   10.0;   74.83;   12.8;    7.9;    4.9;eor
        433;20200312;    3;  20.6;   6.7;    3;   2.6;   4;    3.550;-999;  -999;   8.1;  999.77;   10.0;   64.17;   13.4;    5.9;    2.2;eor
        433;20200313;    1;  18.1;   6.7;    1;   0.0;   4;    2.050;-999;  -999;   6.6; 1005.15;    6.4;   68.46;    9.9;    2.6;    0.0;eor
        433;20200314;    1;   7.9;   2.2;    1;   0.0;   0;    9.750;-999;  -999;   4.7; 1018.30;    3.7;   61.46;    8.7;   -1.2;   -6.8;eor
        433;20200315;    1;  11.8;   4.1;    1;   0.0;   0;    9.700;-999;  -999;   4.1; 1014.83;    5.7;   47.13;   12.1;   -0.9;   -3.5;eor
        433;20200316;    1;   9.7;   2.6;    1;   0.0;   0;    9.867;-999;  -999;   6.4; 1013.57;    9.5;   53.29;   17.3;    2.6;   -1.4;eor
        433;20200317;    1;   9.3;   2.5;    1;   0.0;   4;    5.817;-999;  -999;   7.8; 1021.11;   10.0;   66.21;   16.0;    3.8;   -2.3;eor
        433;20200318;    1;   9.8;   3.2;    1;   0.0;   0;    9.117;-999;  -999;   7.6; 1019.75;   12.0;   57.25;   18.0;    6.6;    2.7;eor
        433;20200319;    1;   8.2;   3.3;    1;   0.0;   4;    1.150;-999;  -999;   9.4; 1018.97;   10.6;   73.71;   14.9;    7.5;    6.1;eor
        433;20200320;    1;  10.2;   3.3;    1;   0.0;   4;    0.000;-999;  -999;   7.4; 1020.09;    7.6;   71.17;    9.4;    5.0;    4.0;eor
        433;20200321;    1;  12.6;   6.2;    1;   0.0;   0;    6.783;-999;  -999;   5.0; 1025.00;    3.8;   62.75;    6.9;   -0.2;   -4.1;eor
        433;20200322;    1;  10.8;   4.4;    1;   0.0;   0;   11.000;-999;  -999;   3.4; 1030.81;    1.6;   51.13;    6.0;   -3.1;   -9.1;eor
        433;20200323;    1;   9.1;   3.1;    1;   0.0;   0;   11.217;-999;  -999;   2.9; 1033.58;    1.3;   44.63;    5.8;   -4.6;  -10.7;eor
        433;20200324;    1;   9.2;   3.0;    1;   0.0;   0;   11.250;-999;  -999;   2.8; 1031.34;    2.7;   39.63;    8.4;   -3.7;  -11.7;eor
        433;20200325;    1;  10.9;   4.2;    1;   0.0;   0;   11.300;-999;  -999;   2.9; 1026.76;    3.8;   38.21;   10.2;   -3.2;   -8.5;eor
        433;20200326;    1;  11.0;   4.6;    1;   0.0;   0;   10.833;-999;  -999;   3.8; 1022.08;    5.6;   41.79;   11.2;   -1.0;   -5.2;eor
        433;20200327;    1;   7.9;   3.7;    1;   0.0;   0;   10.683;-999;  -999;   5.6; 1017.26;    9.2;   48.79;   15.6;    3.5;   -4.1;eor
        433;20200328;    1;  10.2;   4.3;    1;   0.0;   0;   10.667;-999;  -999;   6.1; 1013.17;    7.9;   60.25;   14.8;    1.2;   -5.4;eor
        433;20200329;    1;  17.5;   6.2;    1;   0.1;   4;    0.283;-999;  -999;   5.4; 1017.08;    2.9;   70.33;    5.7;   -3.5;  -11.3;eor
        433;20200330;    1;  10.8;   3.8;    1;   0.7;   4;    2.333;-999;  -999;   4.5; 1021.01;    0.6;   70.21;    3.9;   -3.8;  -11.5;eor
        433;20200331;    1;   8.4;   3.0;    1;   0.0;   0;    5.750;-999;  -999;   4.2; 1023.38;    1.7;   61.79;    5.3;   -2.2;   -8.1;eor
        433;20200401;    1;  11.1;   4.1;    1;   0.0;   0;    9.733;-999;  -999;   4.6; 1014.06;    4.7;   53.33;   10.7;   -1.8;   -6.0;eor
        433;20200402;    1;  11.8;   4.4;    1;   0.0;   4;    3.217;-999;  -999;   5.9; 1004.68;    7.2;   58.50;   11.3;    5.0;    2.9;eor
        433;20200403;    1;  13.9;   5.6;    1;   0.0;   4;    7.833;-999;  -999;   5.5; 1006.63;    7.5;   53.75;   11.2;    4.9;   -3.4;eor
        433;20200404;    1;   7.4;   2.2;    1;   0.0;   0;    9.600;-999;  -999;   5.2; 1019.67;    8.0;   49.29;   13.0;    2.5;   -5.7;eor
        433;20200405;    1;  12.3;   3.9;    1;   0.0;   0;   12.050;-999;  -999;   5.4; 1023.37;   10.0;   46.42;   16.3;    2.4;   -5.7;eor
        433;20200406;    1;  10.9;   3.8;    1;   0.0;   0;   12.083;-999;  -999;   5.8; 1018.32;   13.8;   38.67;   21.9;    4.9;   -0.6;eor
        433;20200407;    1;   8.7;   3.3;    1;   0.0;   0;   12.067;-999;  -999;   8.4; 1023.90;   13.6;   52.83;   19.8;    7.0;   -1.9;eor
        433;20200408;    1;   7.3;   2.5;    1;   0.0;   0;   12.050;-999;  -999;   7.2; 1021.24;   14.2;   45.96;   22.2;    5.4;   -0.1;eor
        433;20200409;    1;  12.1;   4.2;    1;   0.0;   0;    8.533;-999;  -999;   8.1; 1017.42;   12.4;   56.71;   18.0;    6.2;   -3.2;eor
        433;20200410;    1;   8.3;   2.7;    1;   0.0;   0;   12.133;-999;  -999;   6.1; 1020.17;   10.0;   52.29;   16.4;    2.7;   -5.9;eor
        433;20200411;    1;   5.1;   1.7;    1;   0.0;   0;   12.183;-999;  -999;   5.9; 1020.23;    9.8;   51.63;   16.2;    2.4;   -6.3;eor
        433;20200412;    1;   9.9;   2.2;    1;   2.3;   4;   11.900;-999;  -999;   7.1; 1009.39;   14.2;   47.13;   24.0;    2.9;   -5.4;eor
        433;20200413;    1;  14.3;   6.3;    1;   0.0;   4;    5.417;-999;  -999;   5.9; 1008.14;    8.0;   53.33;   12.9;    3.6;   -3.1;eor
        433;20200414;    1;  12.8;   5.8;    1;   0.0;   0;   10.767;-999;  -999;   4.7; 1015.29;    6.2;   52.38;   11.0;    0.6;   -2.1;eor
        433;20200415;    1;  12.3;   5.3;    1;   0.0;   0;    8.450;-999;  -999;   6.4; 1015.28;    9.8;   54.08;   15.6;    4.8;    3.6;eor
        433;20200416;    1;   9.2;   3.7;    1;   0.0;   0;   11.583;-999;  -999;   7.2; 1010.78;   11.8;   53.04;   17.9;    5.3;   -3.8;eor
        433;20200417;    1;   8.8;   2.5;    1;   0.0;   0;   12.233;-999;  -999;   7.0; 1011.88;   11.4;   53.21;   17.8;    5.6;   -2.7;eor
        433;20200418;    1;  10.9;   3.8;    1;   0.0;   0;   12.917;-999;  -999;   4.9; 1012.47;   10.6;   39.42;   16.6;    3.4;   -3.1;eor
        433;20200419;    1;  12.8;   5.6;    1;   0.0;   0;   12.450;-999;  -999;   4.8; 1016.62;    9.0;   42.50;   13.1;    5.3;   -0.7;eor
        433;20200420;    1;  11.5;   5.1;    1;   0.0;   0;   13.067;-999;  -999;   5.6; 1020.34;    9.9;   47.29;   15.1;    3.3;   -1.5;eor
        433;20200421;    1;  13.1;   5.8;    1;   0.0;   0;   13.100;-999;  -999;   6.1; 1020.30;   11.0;   48.04;   16.7;    4.7;   -2.0;eor
        433;20200422;    1;  10.9;   4.2;    1;   0.0;   0;   13.150;-999;  -999;   7.1; 1019.96;   12.2;   51.79;   18.4;    5.1;   -1.2;eor
        433;20200423;    1;   7.6;   2.1;    1;   0.0;   0;   13.117;-999;  -999;   7.3; 1016.08;   14.5;   46.29;   21.1;    6.4;   -3.4;eor
        433;20200424;    1;  15.0;   4.4;    1;   0.0;   0;    9.200;-999;  -999;   7.3; 1002.70;   14.5;   46.58;   22.7;    7.2;   -0.8;eor
        433;20200425;    1;  12.8;   5.1;    1;   0.0;   4;    2.817;-999;  -999;   7.2; 1003.94;   10.9;   56.46;   15.3;    7.5;    1.4;eor
        433;20200426;    1;   7.6;   1.8;    1;   0.0;   0;    8.083;-999;  -999;   6.7; 1005.15;   12.4;   48.71;   18.7;    4.4;   -4.0;eor
        433;20200427;    1;  10.3;   2.0;    1;   0.0;   0;   10.783;-999;  -999;   7.2; 1002.11;   15.1;   46.50;   22.8;    4.3;   -4.0;eor
        433;20200428;    1;   8.6;   2.7;    1;   5.3;   4;    8.783;-999;  -999;   9.1;  998.04;   17.0;   49.46;   23.7;    9.0;    0.0;eor
        433;20200429;    1;  11.1;   2.3;    1;  10.9;   4;    1.867;-999;  -999;  11.5;  999.02;   12.0;   82.33;   17.7;    8.0;    6.7;eor
        433;20200430;    1;   9.3;   2.8;    1;   4.2;   4;    4.467;-999;  -999;  12.0;  998.22;   13.7;   77.33;   18.8;    9.7;    3.7;eor
        433;20200501;    1;  11.6;   3.7;    1;   0.8;   4;    4.400;-999;  -999;   9.8;  995.84;   13.2;   66.08;   17.7;    9.3;    7.1;eor
        433;20200502;    1;  12.7;   3.1;    1;   4.5;   4;    4.567;-999;  -999;  10.0;  999.75;    9.9;   82.13;   15.2;    6.7;    3.2;eor
        433;20200503;    1;   9.1;   3.7;    1;   0.0;   0;    2.800;-999;  -999;   9.1; 1009.88;   10.7;   72.25;   15.0;    6.3;    2.6;eor
        433;20200504;    1;   6.5;   2.2;    1;   0.2;   4;    0.233;-999;  -999;   9.4; 1011.14;    9.0;   81.17;   11.9;    4.6;   -2.2;eor
        433;20200505;    1;  16.6;   4.5;    1;   2.0;   4;   10.317;-999;  -999;   7.3; 1012.91;    7.5;   71.29;   11.9;    3.6;   -1.2;eor
        433;20200506;    1;  13.4;   5.4;    1;   0.0;   0;   11.250;-999;  -999;   7.3; 1015.63;   11.4;   56.25;   16.6;    6.0;    4.4;eor
        433;20200507;    1;   8.7;   3.8;    1;   0.0;   0;    5.717;-999;  -999;   8.6; 1015.95;   11.1;   65.33;   17.0;    6.3;    1.6;eor
        433;20200508;    1;  10.9;   2.4;    1;   0.0;   0;   13.717;-999;  -999;   8.2; 1012.05;   14.6;   53.17;   21.6;    6.4;   -1.0;eor
        433;20200509;    1;   6.7;   2.1;    1;   0.0;   0;   13.283;-999;  -999;   9.0; 1009.07;   16.3;   49.42;   23.0;    8.0;    1.2;eor
        433;20200510;    1;   8.0;   2.6;    1;   5.1;   4;    6.517;-999;  -999;  12.7; 1000.32;   17.5;   65.17;   24.0;    9.8;    2.2;eor
        433;20200511;    1;  12.6;   6.0;    1;   6.1;   4;    0.317;-999;  -999;   8.7; 1001.62;    7.2;   83.21;   15.9;    2.3;   -1.8;eor
        433;20200512;    1;   9.8;   3.9;    1;   0.3;   4;    6.983;-999;  -999;   6.1; 1009.44;    7.3;   60.29;   12.1;    0.7;   -4.0;eor
        433;20200513;    1;   8.0;   2.4;    1;   0.0;   4;    3.783;-999;  -999;   7.1; 1006.75;    9.8;   60.17;   14.6;    5.6;   -1.2;eor
        433;20200514;    1;   8.5;   3.5;    1;   0.0;   4;    6.517;-999;  -999;   6.9; 1011.20;    9.1;   61.54;   13.7;    4.4;   -4.0;eor
        433;20200515;    1;  11.4;   3.3;    1;   0.0;   0;   10.450;-999;  -999;   6.5; 1012.95;    9.9;   54.54;   15.8;    1.5;   -6.0;eor
        433;20200516;    1;  12.5;   4.4;    1;   0.2;   4;    9.333;-999;  -999;   7.6; 1014.61;   12.6;   53.29;   16.4;    8.4;    5.7;eor
        433;20200517;    1;  11.4;   4.2;    1;   0.0;   0;   10.733;-999;  -999;   8.2; 1014.79;   14.0;   52.92;   18.8;    9.1;    6.0;eor
        433;20200518;    1;  10.7;   3.8;    1;   0.0;   0;    4.317;-999;  -999;   9.6; 1014.62;   16.4;   52.58;   22.3;   10.9;    4.7;eor
        433;20200519;    1;  11.9;   4.3;    1;   0.0;   4;    2.717;-999;  -999;  11.6; 1013.75;   15.4;   67.17;   20.2;   10.9;    2.4;eor
        433;20200520;    1;  14.2;   3.1;    1;   0.0;   0;   10.817;-999;  -999;   8.6; 1016.02;   15.5;   51.67;   21.3;    9.1;   -0.3;eor
        433;20200521;    1;   7.2;   2.4;    1;   0.0;   0;   13.800;-999;  -999;   7.8; 1017.98;   15.1;   48.25;   21.6;    7.0;   -1.8;eor
        433;20200522;    1;   8.2;   3.2;    1;   2.1;   4;-999;-999;  -999;   8.4; 1015.35;   17.4;   43.83;   22.6;    9.9;    1.7;eor
        433;20200523;    1;  12.1;   4.0;    1;   0.0;   4;    1.033;-999;  -999;  12.1; 1013.70;   15.4;   70.04;   20.4;   10.7;    4.6;eor
        433;20200524;    1;  15.7;   4.2;    1;  10.0;   4;    4.783;-999;  -999;  11.2; 1017.69;   12.8;   76.54;   17.3;   10.2;    4.0;eor
